1.920424560499710083e+02 3.229747891042565300e+01 9.046124669972310528e+01
1.915144584326099562e+02 3.221643859875072735e+01 9.021389497069998242e+01
1.913032616395131811e+02 3.216221102453474145e+01 9.004209060467512415e+01
1.912569611694249545e+02 3.221682819241419082e+01 9.009107476334600051e+01
1.911509900830703828e+02 3.219504314508338894e+01 8.988955341618905948e+01
1.910904871530684659e+02 3.219207450576340790e+01 8.970162277030073028e+01
1.910933752978298799e+02 3.230613690514520897e+01 8.936137227123445825e+01
1.910705921179728364e+02 3.234331090218301341e+01 8.918408622577113931e+01
1.910299005087256035e+02 3.238751690385729631e+01 8.905976077017193404e+01
1.910294255908300727e+02 3.249148045592117739e+01 8.895822815377680115e+01
1.910229570481035353e+02 3.261745122029751087e+01 8.894574666752527037e+01
1.909413758129950338e+02 3.260753429068194720e+01 8.891436505892201581e+01
1.906033743318951679e+02 3.243381415416317992e+01 8.844233369824199542e+01
1.893317776418314224e+02 3.131919795221843117e+01 8.697639738553674249e+01
1.871532310515809172e+02 2.909380674866379124e+01 8.418439693476720720e+01
1.858228556249597432e+02 2.774336080880932442e+01 8.235631882284756955e+01
1.856599990340652937e+02 2.762549423658960634e+01 8.221249275548973401e+01
1.861463149591087642e+02 2.795092568742353123e+01 8.313520349024406642e+01
1.870856687487925853e+02 2.866579947195569744e+01 8.457697533646725674e+01
1.880155595981711656e+02 2.938539023761993718e+01 8.572880256294673984e+01
1.885701638869212502e+02 2.983436473694378321e+01 8.637367022989245413e+01
1.888500547362998248e+02 3.008810773391718740e+01 8.677292967995363426e+01
1.889760995556700323e+02 3.030073572026531181e+01 8.683979650975594211e+01
1.890855785948869823e+02 3.047258516324296451e+01 8.700026402215210908e+01
1.891534999034065265e+02 3.062329673514070549e+01 8.704355077596754597e+01
1.892156803400090155e+02 3.068581363899800252e+01 8.715457209092664925e+01
1.892490614334471104e+02 3.073934091055444640e+01 8.727524631334921423e+01
1.892752076759610986e+02 3.089542307939983345e+01 8.722727799600747289e+01
1.893346834953957227e+02 3.099331251207418347e+01 8.725626247665657331e+01
1.894227477622512765e+02 3.108661858458368243e+01 8.730816536802112182e+01
1.895419424946873619e+02 3.111328321205486347e+01 8.735370274969412208e+01
1.896100280121063690e+02 3.114579496426041771e+01 8.740209285852276366e+01
1.896231743834116799e+02 3.118401056088608314e+01 8.735715757614785559e+01
1.896172177860776742e+02 3.124134039538927254e+01 8.732695923755554190e+01
1.896068903342134035e+02 3.120517901989825660e+01 8.728308970313607063e+01
1.895615525790456672e+02 3.118319112627986200e+01 8.720371723871465974e+01
1.895175623027883205e+02 3.109668201429583334e+01 8.709009755940498110e+01
1.894916060274325389e+02 3.099957981840427479e+01 8.700788846673964372e+01
1.893909588511816651e+02 3.091183431000064274e+01 8.682046976624380363e+01
1.892552643441303246e+02 3.081845257260609117e+01 8.665642668555605610e+01
1.891778012106381652e+02 3.062301983385923165e+01 8.646262154678343848e+01
1.889542935797540224e+02 3.050767435121385773e+01 8.622239036641123278e+01
1.885135279155129240e+02 3.034538766179406366e+01 8.564127438985124741e+01
1.873485060209929713e+02 2.942956726125314049e+01 8.423071350376714861e+01
1.859038395904436811e+02 2.810281891944104515e+01 8.239244156095047344e+01
1.851976592182368506e+02 2.739493528237491304e+01 8.144387436409299141e+01
1.851906771202266668e+02 2.743614366668813176e+01 8.143888370146177635e+01
1.857128565908944609e+02 2.786265535449803465e+01 8.251048200141670463e+01
1.864333843132204152e+02 2.839693476720973564e+01 8.364554060145533754e+01
1.869452637001738822e+02 2.892438663146371169e+01 8.443862128920085297e+01
1.871719009594951331e+02 2.917592085775001465e+01 8.479820819112627817e+01
1.873261204842552559e+02 2.937059855753750881e+01 8.507614946229634256e+01
1.873721762508854454e+02 2.944861388370146216e+01 8.505526434413033599e+01
1.874135617232275024e+02 2.945081782471504894e+01 8.497197340459784698e+01
1.874253445167106804e+02 2.955326324940434191e+01 8.499425268851825876e+01
1.874596464678987786e+02 2.968591506214179887e+01 8.509322879773327486e+01
1.874941834631978850e+02 2.978581363899800394e+01 8.519075117522055507e+01
1.875123060081138533e+02 3.003493463841844147e+01 8.525031875845192531e+01
1.875361694249468769e+02 3.018865831669778999e+01 8.528865509691544844e+01
1.876296026788589018e+02 3.028805782729087426e+01 8.538145566359713712e+01
1.878262524953313175e+02 3.047919859617489990e+01 8.549177184622320169e+01
1.878275146500096469e+02 3.064683334406594284e+01 8.569687681112756650e+01
1.878582136647562493e+02 3.079037446068645778e+01 8.575892684654517950e+01
1.878809807457015779e+02 3.093696954085903883e+01 8.583852469573056965e+01
1.878876440852598364e+02 3.094830156481421923e+01 8.584144664820658477e+01
1.879264617811836047e+02 3.093355335179341736e+01 8.588587320497134669e+01
1.879677603194024016e+02 3.108786464035031116e+01 8.600749887307617314e+01
1.879980681305943619e+02 3.111436022924850420e+01 8.598496844613303836e+01
1.880205679696052528e+02 3.110985897353338814e+01 8.593054768497648865e+01
1.880755924399510661e+02 3.123915738296091149e+01 8.598989471311739408e+01
1.881640817180758631e+02 3.133264859295511684e+01 8.611735462682722186e+01
1.881444442655676426e+02 3.130965451735462679e+01 8.612617200077275470e+01
1.879741789555025946e+02 3.113000837143409072e+01 8.596517805396355527e+01
1.876969251078627110e+02 3.100540762444458665e+01 8.572708963874042354e+01
1.872372078047523871e+02 3.046950383154098674e+01 8.519705711893875844e+01
1.867480777899413908e+02 2.991721939596883217e+01 8.460190933092923160e+01
1.865948338592311018e+02 2.972457820851310473e+01 8.440362547491790224e+01
1.866928359842874556e+02 3.010911681370339466e+01 8.466505570223452537e+01
1.869473646081524976e+02 3.054209543434863861e+01 8.515909588511816253e+01
1.871502189451992990e+02 3.086899188614849621e+01 8.547755328739776814e+01
1.873046316568999998e+02 3.107886534870242912e+01 8.567674834181210031e+01
1.874051629209865553e+02 3.129945263700173896e+01 8.586221424431708726e+01
1.874952234528945780e+02 3.133533067164659514e+01 8.595475561852018132e+01
1.875798280636228981e+02 3.136406883894648701e+01 8.600709801017451639e+01
1.876082297636679641e+02 3.137677088028849326e+01 8.597801693605512696e+01
1.876868713374975925e+02 3.137084648077789950e+01 8.602236782793482917e+01
1.877201236396419688e+02 3.145930517097044188e+01 8.611070899607186391e+01
1.877807730697404907e+02 3.153048489922081288e+01 8.610383476077016951e+01
1.878047443492819752e+02 3.160306201300792139e+01 8.618506181982097303e+01
1.878368745572799412e+02 3.177175445939854370e+01 8.622864962328546312e+01
1.879265567647626938e+02 3.182093663468349476e+01 8.632638450640736494e+01
1.880226044819370088e+02 3.186556120806233494e+01 8.641076373237169150e+01
1.881007485993946773e+02 3.193283695022216406e+01 8.651769592375555362e+01
1.881455631399317383e+02 3.192789941399961506e+01 8.653699851890011985e+01
1.881697420954343443e+02 3.192910844226930323e+01 8.653304462618326909e+01
1.881726495588898160e+02 3.203454987442848534e+01 8.660335662309228155e+01
1.882492256423465733e+02 3.203636100199626213e+01 8.672938695344194571e+01
1.882704005409234469e+02 3.208608732049713552e+01 8.670087578079721879e+01
1.882977381029042476e+02 3.216847672097366484e+01 8.672525114302273153e+01
1.883333360164852763e+02 3.220226994655160979e+01 8.673081009723742341e+01
1.882397482130207891e+02 3.211397063558503362e+01 8.662290553158607054e+01
1.879963374975851593e+02 3.195013845064073621e+01 8.637931772812157760e+01
1.874064975207676014e+02 3.132488247794449165e+01 8.580251465000965538e+01
1.859498567196857550e+02 2.972173192092214578e+01 8.408292549423659068e+01
1.845339606542597721e+02 2.821321398673449821e+01 8.226434091055445208e+01
1.841676105995234707e+02 2.771698596174898555e+01 8.171233015648142839e+01
1.846143827677248908e+02 2.810958207225191430e+01 8.231158477686908270e+01
1.855175236654002049e+02 2.895640092729731307e+01 8.357134554704101959e+01
1.861541712280249783e+02 2.964058374653873429e+01 8.443736557408719534e+01
1.864579061755425471e+02 3.004923369180243498e+01 8.488319595595338285e+01
1.866757019125507213e+02 3.025567486637903158e+01 8.517706549037285413e+01
1.867883604868310954e+02 3.038616781505570330e+01 8.536331058020478224e+01
1.868388144761414082e+02 3.061380159701204207e+01 8.526186811771523821e+01
1.868683431000064274e+02 3.082871401893232033e+01 8.526998518900121837e+01
1.868763684074956473e+02 3.099054510915062011e+01 8.530087095112369866e+01
1.868737732629274149e+02 3.109434606220619557e+01 8.535303786464035625e+01
1.869502253847639963e+02 3.124182175284950702e+01 8.544926910940820619e+01
1.870829737909717210e+02 3.128154903728507819e+01 8.556784081396097008e+01
1.872108104192156475e+02 3.133794996458239268e+01 8.570883830253075075e+01
1.872975288170519548e+02 3.146427168523407758e+01 8.582314057569708154e+01
1.874998824779444817e+02 3.151464517998583403e+01 8.586854111662051992e+01
1.875067744220490624e+02 3.158265825230214574e+01 8.587404050486186691e+01
1.875298264537317152e+02 3.168426653358233125e+01 8.595324554060145772e+01
1.875462070964002805e+02 3.177694796831734081e+01 8.603497810548006441e+01
1.875752994397578846e+02 3.194856719685749269e+01 8.606668652199111591e+01
1.875799568549166167e+02 3.200372850795286439e+01 8.611063333118681840e+01
1.876561658831863042e+02 3.208908171807586029e+01 8.619452797990855686e+01
1.877110519028913700e+02 3.212637645695151178e+01 8.623780024470346461e+01
1.877122222937729532e+02 3.213227992787687270e+01 8.622736975980423324e+01
1.875479972953828280e+02 3.209070126859424477e+01 8.613422467641187552e+01
1.870859263313799943e+02 3.178753461266018476e+01 8.570264022152102257e+01
1.855321398673449664e+02 3.003952926782149646e+01 8.381325584390495465e+01
1.836344581106317264e+02 2.796783276450511835e+01 8.150245186425397037e+01
1.829781650460428750e+02 2.718186135617232324e+01 8.070683881769592460e+01
1.833689468091957053e+02 2.744103612595788633e+01 8.120667138901410453e+01
1.843153036254749111e+02 2.821377422886212827e+01 8.238077306974048497e+01
1.852119582716208299e+02 2.905734754330607217e+01 8.346657382960911775e+01
1.856820786914804557e+02 2.971384828385601296e+01 8.409473243608732673e+01
1.859636518771331168e+02 3.009572895872238973e+01 8.444617006890334210e+01
1.861117892330478583e+02 3.038142507566488604e+01 8.467428520831991534e+01
1.862116717109923343e+02 3.057311803722068433e+01 8.482781086998518560e+01
1.862731518449352848e+02 3.070885118166011907e+01 8.494390012235173515e+01
1.863293467061626529e+02 3.075662792195247519e+01 8.490202363320238987e+01
1.863914820658123404e+02 3.080420825552192809e+01 8.485865155515487857e+01
1.864420423079399711e+02 3.090742803786464066e+01 8.490230536415738527e+01
1.865017547813767749e+02 3.099885858715950704e+01 8.494480810097238077e+01
1.865832297636679868e+02 3.108480101745121971e+01 8.501685234078176734e+01
1.867157737136969615e+02 3.106313349217592901e+01 8.521579625217334808e+01
1.868240421147530412e+02 3.117498068130594291e+01 8.539849636164595381e+01
1.869399027625732401e+02 3.126581557086741014e+01 8.551918024341554769e+01
1.870338656706806546e+02 3.132319048232339398e+01 8.565446905789168852e+01
1.870729345096271459e+02 3.140410683237812961e+01 8.574329158348895419e+01
1.871597752591924859e+02 3.146717592890720638e+01 8.572801693605512696e+01
1.872269012814733742e+02 3.148809002511430322e+01 8.576004089123574659e+01
1.872431177152424482e+02 3.153847639899542799e+01 8.580801886792453104e+01
1.873194120677442243e+02 3.166091506214180029e+01 8.588429068194990634e+01
1.873160007083521066e+02 3.168456758323137379e+01 8.583338753300276380e+01
1.872229715371240957e+02 3.168522441882928575e+01 8.577870435958529072e+01
1.869296139480971135e+02 3.150737652134715816e+01 8.550558310258226413e+01
1.857467415802691733e+02 3.046095852920342750e+01 8.425485704166398193e+01
1.835717608989632197e+02 2.826990630433382634e+01 8.159341071543563828e+01
1.822709285852276366e+02 2.695217174319015996e+01 7.986681853306716050e+01
1.822031875845192985e+02 2.676434574022795942e+01 8.004465677120226985e+01
1.828157399059823547e+02 2.714741612466997367e+01 8.091952315023505093e+01
1.838606590894455621e+02 2.798306394487732618e+01 8.217418539506729758e+01
1.847408139609762259e+02 2.874401764440723639e+01 8.331019061111469171e+01
1.851841747697855567e+02 2.920845031875845166e+01 8.386788428102259729e+01
1.853685024792324043e+02 2.952058084873462462e+01 8.389971826904501029e+01
1.854654903728508089e+02 2.973197887822783159e+01 8.396299182175285125e+01
1.855249050164208882e+02 2.991134168330220788e+01 8.403270815892845746e+01
1.855727493721424537e+02 3.007040054092343340e+01 8.411427007534290112e+01
1.856372110245347358e+02 3.020674705389915715e+01 8.417845804623607364e+01
1.857366652714276540e+02 3.023473340202202309e+01 8.429632622834697031e+01
1.858204391783115454e+02 3.030347736493013144e+01 8.441087320497133817e+01
1.859181225449159740e+02 3.043783888209156885e+01 8.457975078884666686e+01
1.860194056281795270e+02 3.057181241548071426e+01 8.471940723807070128e+01
1.861638160860325968e+02 3.070685813638997885e+01 8.482354304848992399e+01
1.863058036576727545e+02 3.097579850602099327e+01 8.493527271556442315e+01
1.863510689677377741e+02 3.114436860068259350e+01 8.501629531843647669e+01
1.863624042114753081e+02 3.126653519222100641e+01 8.505146983063944788e+01
1.865151893232017528e+02 3.136085871595080121e+01 8.505608699851890719e+01
1.865092971215145781e+02 3.140748599394681051e+01 8.511586547749372755e+01
1.865019173803850947e+02 3.135174995170326540e+01 8.514328353403310246e+01
1.865494429776547065e+02 3.136994816150428278e+01 8.519739036641122709e+01
1.865904356365509784e+02 3.143737523343422069e+01 8.530664885053769808e+01
1.866027706227059184e+02 3.149247697855625105e+01 8.540327934831604750e+01
1.864419553738167394e+02 3.138027561336853566e+01 8.518809002511430606e+01
1.857215548328933039e+02 3.082356075729280676e+01 8.433625635907011997e+01
1.838374380191899036e+02 2.899119228540150672e+01 8.207882832120549210e+01
1.823984609440401812e+02 2.741499774615235907e+01 8.007878324425269057e+01
1.821394407238070698e+02 2.698082941593148476e+01 7.957574698950351433e+01
1.826097913581041894e+02 2.734999678021765845e+01 8.013600038637387968e+01
1.836716321076695237e+02 2.805566681692317488e+01 8.167868665078241008e+01
1.846518062978942680e+02 2.890951445682271981e+01 8.311288556893553903e+01
1.851771459849314283e+02 2.937380546075085164e+01 8.370627374589477654e+01
1.854562705261124336e+02 2.960267402923562230e+01 8.407178343743963467e+01
1.856094404018288344e+02 2.980346126601841661e+01 8.427178343743962330e+01
1.857025838753300206e+02 2.988620484255264387e+01 8.445193669907914114e+01
1.857349120999420506e+02 3.011152038122222763e+01 8.439049037285079180e+01
1.857599233691802567e+02 3.023968864704745840e+01 8.437892330478459257e+01
1.857711620194474733e+02 3.033034966836241964e+01 8.438173095498744658e+01
1.858444619743705459e+02 3.046326872303432154e+01 8.439637774486445210e+01
1.859145952733595095e+02 3.054852051001352464e+01 8.445578111919634523e+01
1.860171920278189077e+02 3.060707225191577052e+01 8.454174286818211215e+01
1.861223468993495942e+02 3.075803657672741309e+01 8.463194346062206819e+01
1.861803899156417117e+02 3.089928520831991676e+01 8.471827548457724788e+01
1.862678359842874727e+02 3.097771910618842028e+01 8.482364447163371324e+01
1.863514150943396146e+02 3.103880964646790019e+01 8.490529815184493145e+01
1.864382349153197254e+02 3.117356719685749411e+01 8.503901732242900380e+01
1.864892491467576860e+02 3.123387854981003287e+01 8.514779605898641535e+01
1.865265068581364005e+02 3.121648689548586475e+01 8.518768755232146361e+01
1.865444346062206193e+02 3.122690450125571360e+01 8.519363127052611162e+01
1.865957337883959042e+02 3.141899671582201137e+01 8.522968639319981321e+01
1.866064089767531584e+02 3.151161536480134018e+01 8.526004572090926104e+01
1.864247391976302310e+02 3.150225867731341367e+01 8.503667654066585158e+01
1.858258870500354192e+02 3.102436731276965531e+01 8.442578562689162425e+01
1.838585807199433191e+02 2.915002253847639935e+01 8.215422274454246576e+01
1.818307328224612149e+02 2.704508500225384893e+01 7.983886438276772424e+01
1.812529670294288167e+02 2.630455760190611159e+01 7.909125829093953541e+01
1.815120854530233885e+02 2.647386341683302291e+01 7.942597559404984509e+01
1.823518095176765996e+02 2.708559147401635769e+01 8.048102260287204501e+01
1.834950367055187144e+02 2.805034612660184123e+01 8.183445489084937208e+01
1.843536850408912358e+02 2.886045946294030529e+01 8.289388724322235191e+01
1.847732146306909726e+02 2.921058181466932879e+01 8.330983321527465080e+01
1.850011671710992402e+02 2.942169972309871895e+01 8.351824006697147240e+01
1.851381206130465671e+02 2.959356848477042945e+01 8.370716884538605029e+01
1.852836789233047909e+02 2.968730761800502194e+01 8.388892716852340925e+01
1.853200206066069882e+02 2.976846223195311936e+01 8.392906980488119473e+01
1.853135858715950803e+02 2.991685234078176236e+01 8.378672322750982460e+01
1.853086499452637099e+02 3.005328578788073912e+01 8.365641702620902720e+01
1.853743463841844346e+02 3.019602678858909073e+01 8.370096754459397914e+01
1.855087513684075020e+02 3.030590347092536518e+01 8.381457434477430013e+01
1.856304977783501897e+02 3.045885601133363352e+01 8.390419698628372203e+01
1.857531006503960214e+02 3.052407270268529871e+01 8.426836724837400538e+01
1.858818645759546655e+02 3.055032197823427254e+01 8.453001642088995027e+01
1.859926379676733745e+02 3.061594919183463048e+01 8.474865252108956781e+01
1.860887130529976048e+02 3.069327870435958516e+01 8.487733756198080926e+01
1.861346078305106460e+02 3.077311481743834065e+01 8.490478137677892789e+01
1.861910683237813089e+02 3.091042082555219395e+01 8.491355045398931622e+01
1.862497520767596200e+02 3.102940466224483274e+01 8.490662148238779139e+01
1.864015889625861178e+02 3.117047620580848744e+01 8.491234464550196037e+01
1.863560048940691729e+02 3.127918410715435726e+01 8.499084615879966975e+01
1.862716755747311481e+02 3.123045270139738605e+01 8.494062077403567912e+01
1.857996442140511419e+02 3.083083585549616856e+01 8.447707997939339464e+01
1.840313687294738827e+02 2.907957209092665352e+01 8.250328095820722751e+01
1.819142781247987557e+02 2.695574248180822963e+01 7.974123092278962588e+01
1.810192446390624070e+02 2.598957434477429373e+01 7.854931901603451649e+01
1.810684767209736492e+02 2.603943428424238604e+01 7.861312061304656140e+01
1.818252221649816533e+02 2.657250627857556680e+01 7.956624219202781489e+01
1.829265036383540348e+02 2.740803496683624019e+01 8.098417959945908251e+01
1.839169746925107916e+02 2.828872432223581512e+01 8.217486637903277824e+01
1.844572380707064099e+02 2.885652810869985174e+01 8.285576502028462187e+01
1.847455647498229041e+02 2.916099394680919588e+01 8.307069354111662562e+01
1.848869115847768683e+02 2.935542694313864232e+01 8.325242771588641233e+01
1.850065087900057961e+02 2.943748631592504239e+01 8.335691126279863283e+01
1.850811240260158286e+02 2.952246603129628610e+01 8.345316021636936910e+01
1.850909491918346248e+02 2.954190868697276073e+01 8.336739809388885192e+01
1.850820352244188314e+02 2.961715982999549368e+01 8.339997746152360492e+01
1.851563043338270234e+02 2.972684171550003285e+01 8.350511945392491953e+01
1.852893505699014725e+02 2.987549262669843486e+01 8.366437149848670174e+01
1.853788170519672747e+02 3.005349346384184273e+01 8.383996232854659070e+01
1.854872625410522176e+02 3.015223613883701503e+01 8.397705261124347942e+01
1.855993029171227988e+02 3.035341940884796230e+01 8.409703297057119187e+01
1.856990823620323283e+02 3.064504797475690623e+01 8.423558181466933092e+01
1.858204955245025474e+02 3.076690224740807622e+01 8.435550904758838442e+01
1.858486670101101197e+02 3.086511687809904103e+01 8.440322461201623128e+01
1.858319177023633131e+02 3.091772490179663890e+01 8.443008564621031553e+01
1.858761687809904117e+02 3.096263925558632124e+01 8.446413001481100480e+01
1.859614479361195265e+02 3.086694732436087207e+01 8.459484512846931636e+01
1.860355141992401400e+02 3.090016259900830775e+01 8.469641155257905041e+01
1.860006777641831377e+02 3.085293805138772782e+01 8.469656610213149861e+01
1.856327162083843234e+02 3.053980133942945585e+01 8.429269270397321634e+01
1.839256536158155768e+02 2.903060886084100645e+01 8.239239809388885760e+01
1.813872802498551096e+02 2.660613368536287027e+01 7.922613980294931935e+01
1.799800051516517385e+02 2.526865863867602613e+01 7.741683463197887249e+01
1.796553738167299912e+02 2.492991016807263804e+01 7.688834921759288932e+01
1.800447968317341747e+02 2.521753332474724729e+01 7.739471311739326609e+01
1.812352598364350627e+02 2.594450705132333113e+01 7.901541470796574629e+01
1.826486557408719307e+02 2.705305557344323475e+01 8.080848734625539009e+01
1.835548296735140639e+02 2.775844387919376643e+01 8.190806555476849837e+01
1.839832506922531934e+02 2.814999517032648768e+01 8.246045141348444929e+01
1.842224773005344787e+02 2.837658896258612984e+01 8.275336628243930193e+01
1.843604176057698396e+02 2.850088544014424485e+01 8.293810612402602089e+01
1.844311819820979963e+02 2.864300663275162506e+01 8.278159894391139062e+01
1.843717689484190885e+02 2.866908847961877882e+01 8.257529300019318441e+01
1.842774744027303768e+02 2.858570577628952236e+01 8.231671550003220261e+01
1.843022136003606022e+02 2.857389078498293600e+01 8.225776450511945370e+01
1.845927474402730297e+02 2.889921598299955008e+01 8.264630529976173534e+01
1.848480037349475253e+02 2.925586322364608094e+01 8.301104707321785270e+01
1.850374830961426937e+02 2.945768884023440037e+01 8.321845418249726833e+01
1.851738553673771719e+02 2.965531103097430687e+01 8.342452186232210920e+01
1.853250273681499039e+02 2.984016517483417985e+01 8.363657672741322813e+01
1.854434477429325909e+02 2.990834245604997221e+01 8.378362418700496050e+01
1.855376344259128132e+02 3.002498068130594433e+01 8.382309871852662297e+01
1.856018851825616593e+02 3.013572992465709177e+01 8.387714115525790248e+01
1.856721778607765998e+02 3.020978813832184784e+01 8.392057118938760141e+01
1.857503074892137249e+02 3.029401603451606562e+01 8.398147015261768900e+01
1.858487314057569790e+02 3.038250370274969470e+01 8.410037993431643599e+01
1.859244816150428221e+02 3.052930323910103638e+01 8.428091635005473847e+01
1.857646483997681628e+02 3.046943138643827709e+01 8.422932738746860082e+01
1.850351229956854979e+02 2.980839558245862619e+01 8.338573153454827036e+01
1.826881479811964653e+02 2.770830220877068584e+01 8.079619582716208015e+01
1.806684026659797837e+02 2.580902183012428353e+01 7.820443525017708453e+01
1.799131334921759162e+02 2.502428037864640231e+01 7.728463358876939537e+01
1.800099104900508848e+02 2.505706903213342684e+01 7.739591409620709328e+01
1.808238956146564362e+02 2.567504990662631315e+01 7.844272812157898045e+01
1.821364962328546540e+02 2.666760576984995978e+01 7.991840266597978371e+01
1.832787896838173651e+02 2.761432159186038859e+01 8.128664595273359339e+01
1.838578449996780080e+02 2.817123285465902427e+01 8.203435346770558567e+01
1.840951960847446571e+02 2.844289394036963259e+01 8.241484802627341821e+01
1.843102115396999068e+02 2.861643537896838296e+01 8.271686521991112784e+01
1.844293434863803327e+02 2.875455760190611088e+01 8.288970313606800744e+01
1.844955921179728193e+02 2.898141702620903004e+01 8.278908010818469165e+01
1.845743351149462228e+02 2.913846995943074347e+01 8.275734271363255345e+01
1.846214630690965350e+02 2.924721166849121090e+01 8.273010013523085604e+01
1.846855624959752618e+02 2.936346512975722689e+01 8.272878968381736797e+01
1.849002994397578732e+02 2.955166462747118317e+01 8.293121257003026869e+01
1.850506568355979198e+02 2.973369180243415499e+01 8.313085195440788766e+01
1.851651700045077007e+02 2.990481518449352905e+01 8.339936409298731235e+01
1.852685234078176393e+02 3.000894133556571575e+01 8.357456532938373073e+01
1.852918893682787029e+02 3.015361420567969475e+01 8.367444297765470651e+01
1.853153551419923986e+02 3.022166108571060761e+01 8.379262508854401403e+01
1.854303931354240547e+02 3.036174093631270665e+01 8.392296187777705541e+01
1.855484625539313583e+02 3.033765857428037904e+01 8.411436988859553310e+01
1.856112225513555245e+02 3.033848927812479701e+01 8.426427490501642126e+01
1.856500418571704643e+02 3.041333955824586255e+01 8.441540504861870886e+01
1.856559533775516684e+02 3.045216852340781699e+01 8.444981486251529645e+01
1.854684879902118553e+02 3.026353596496876719e+01 8.426569321913838451e+01
1.846626408654774991e+02 2.982321141090862326e+01 8.306890334213407812e+01
1.827904066585098803e+02 2.816344259128083038e+01 8.067380224096851293e+01
1.811995621096014020e+02 2.663054124541180911e+01 7.855508886599265850e+01
1.808274744027303882e+02 2.617701075407302369e+01 7.792027496941206266e+01
1.814915239229827932e+02 2.650941464357009636e+01 7.910842295060854212e+01
1.826961571897739702e+02 2.734768175671324641e+01 8.073985446583810699e+01
1.837018658638675959e+02 2.811513297701075231e+01 8.203279348316053188e+01
1.842245492304720074e+02 2.864136776353918634e+01 8.270344033743319301e+01
1.844677168523407715e+02 2.892315828449996928e+01 8.300488279992272567e+01
1.845988940047652704e+02 2.910589542146950848e+01 8.304894874106510372e+01
1.846867522055509028e+02 2.924367634747891032e+01 8.307663403953893067e+01
1.847473597784789661e+02 2.937267692703973054e+01 8.311704874750466843e+01
1.848175832313735611e+02 2.945461072831476557e+01 8.316091184235945377e+01
1.848956903213342855e+02 2.949201976946358528e+01 8.321774905016421542e+01
1.849263523085839438e+02 2.962301017451220275e+01 8.322039249146757811e+01
1.850025452379419164e+02 2.981757357202653225e+01 8.339603805782729751e+01
1.850982194603644757e+02 2.994954279090733351e+01 8.356308197565844864e+01
1.852148448064910724e+02 3.010488601970506650e+01 8.369959913709833188e+01
1.852367312769656849e+02 3.020624154807135042e+01 8.371460976238006424e+01
1.852560596303689806e+02 3.027633459978105535e+01 8.381850086934123567e+01
1.852899526691995504e+02 3.046215628823491528e+01 8.380425977203941557e+01
1.852774905016420917e+02 3.057404211475304123e+01 8.379847060338721576e+01
1.853015535449803508e+02 3.064357331444394461e+01 8.381468542726511828e+01
1.853497150492626702e+02 3.075923111597656145e+01 8.388217367505956190e+01
1.853809582072252056e+02 3.082105254684783446e+01 8.395214920471376274e+01
1.852442816665593455e+02 3.045240678730117878e+01 8.392544593985446966e+01
1.844067518835726673e+02 2.964324167686264389e+01 8.308628050743769222e+01
1.821568935539957579e+02 2.746107766115010662e+01 8.035700946616009333e+01
1.801439548586515684e+02 2.551782793483160461e+01 7.778515197372657042e+01
1.793262782535900612e+02 2.469355560564105900e+01 7.683670712859810692e+01
1.793134715693219050e+02 2.470012074183785344e+01 7.695667138901410453e+01
1.800733176637259305e+02 2.530497939339300828e+01 7.791413806426685085e+01
1.814951574473565472e+02 2.624148850537703481e+01 7.938275967544593925e+01
1.824819853177925211e+02 2.712129081074119341e+01 8.072950608538862127e+01
1.831668185330671577e+02 2.781567712022667394e+01 8.141437954794255916e+01
1.834972438663146477e+02 2.819324811642733053e+01 8.186452765793032427e+01
1.836575278511172655e+02 2.836674447807328292e+01 8.202267692703972557e+01
1.836494188292871286e+02 2.840575053126408633e+01 8.202562946744799888e+01
1.836410699336724974e+02 2.841965999098460927e+01 8.207157737136969899e+01
1.837443154742739466e+02 2.868403470925365539e+01 8.218397997295382140e+01
1.839435008693412215e+02 2.900589864125185002e+01 8.244457144697018691e+01
1.841605785948869993e+02 2.928079882799922729e+01 8.263759578852469190e+01
1.843890350312318844e+02 2.946046590250498909e+01 8.281203232661472668e+01
1.846005296541953840e+02 2.965683398802240944e+01 8.301484963616459822e+01
1.847014167042307804e+02 2.981585420825552291e+01 8.317906497520768028e+01
1.848162518513748580e+02 2.992302788331508623e+01 8.327051484319659380e+01
1.848966965033163774e+02 3.003237813123832822e+01 8.335604514134844578e+01
1.849700447549745661e+02 3.013860358039796594e+01 8.339983740099170006e+01
1.850112418700495880e+02 3.016632107669521545e+01 8.346613754910167415e+01
1.850657318565264973e+02 3.024717142121192737e+01 8.354686393199820316e+01
1.851062817953506396e+02 3.025163081975658486e+01 8.360625764698306739e+01
1.850189194410457958e+02 3.018969508661214363e+01 8.356116298538218246e+01
1.840620387661793984e+02 2.940251143022731739e+01 8.255210090797862676e+01
1.812163162470216946e+02 2.684048876295962316e+01 7.918323942301501006e+01
1.786963165689999471e+02 2.463418281924142050e+01 7.609959108764248015e+01
1.774799713439371374e+02 2.361003606156223711e+01 7.472311481743834349e+01
1.772018900122351681e+02 2.332369276836885774e+01 7.440116234142571727e+01
1.774930146822074732e+02 2.352113787107991527e+01 7.481705518706935720e+01
1.782663275162599064e+02 2.405111887436409290e+01 7.573678118359198663e+01
1.795140881576405434e+02 2.477341747697855467e+01 7.711293386567068353e+01
1.808115058922016942e+02 2.564237716530362476e+01 7.866581557086740872e+01
1.816286077661150102e+02 2.634309356687488091e+01 7.956276804688003779e+01
1.819741161697469352e+02 2.661705679696052584e+01 7.995900412132139934e+01
1.819417509176379610e+02 2.656482387790585520e+01 7.994599620065683609e+01
1.815981132075471578e+02 2.639418346319788711e+01 7.943579593019511265e+01
1.812767290231180368e+02 2.620059887951574495e+01 7.896627599974242173e+01
1.811984963616459652e+02 2.618340041213214064e+01 7.888463841844291835e+01
1.813982130207998011e+02 2.641799536351342681e+01 7.912383121900958827e+01
1.818662164337690683e+02 2.682802015583746424e+01 7.972504185717045289e+01
1.824101986605705576e+02 2.728698724966192302e+01 8.038119969090089967e+01
1.828658445489084841e+02 2.765466224483224877e+01 8.087896033228153669e+01
1.832408767467319137e+02 2.795743608732049879e+01 8.126398029493206820e+01
1.835301114044690678e+02 2.816864575954665639e+01 8.161911101809518243e+01
1.837228862128920071e+02 2.831962296348766728e+01 8.178794030523536662e+01
1.838691673642861701e+02 2.850727831798570477e+01 8.203275162599008752e+01
1.840180082426427930e+02 2.871208062334986266e+01 8.214495460106897440e+01
1.841492369115847794e+02 2.882432706549037249e+01 8.231649655483289507e+01
1.842182819241419338e+02 2.889574988730761973e+01 8.245962231953120636e+01
1.842875491016807246e+02 2.906002801210638253e+01 8.253174383411680992e+01
1.840312383282890210e+02 2.893421662695601881e+01 8.231087159508017237e+01
1.817404919827419576e+02 2.714879580140382487e+01 7.963976592182368108e+01
1.781636373881125621e+02 2.428760866765406590e+01 7.535718172451542785e+01
1.756400782407109205e+02 2.239830961427007594e+01 7.248699207933543676e+01
1.741225867731341452e+02 2.129486766694571287e+01 7.073691802434154852e+01
1.737659652907463510e+02 2.101125796896129927e+01 7.028086322364607952e+01
1.740587626376456853e+02 2.100523697598042361e+01 7.078742674995170603e+01
1.745880626569643823e+02 2.131163146371305217e+01 7.150086451155901557e+01
1.754842230665207126e+02 2.180817180758580776e+01 7.252430130723162449e+01
1.765792855302981650e+02 2.247898770043144978e+01 7.373779380513877868e+01
1.774925558632236573e+02 2.301275033807714721e+01 7.480467029428810122e+01
1.780393618391396728e+02 2.343675059565973484e+01 7.544758677313413386e+01
1.782109279412711658e+02 2.356120162277030161e+01 7.561473211410908846e+01
1.780833488956146482e+02 2.341410586644342828e+01 7.540928907205872633e+01
1.778047008822203736e+02 2.320128630304591510e+01 7.510815570867409008e+01
1.778455196728701253e+02 2.328172290553158774e+01 7.515262895228282503e+01
1.781700882220361848e+02 2.360991692961555799e+01 7.551253461266018974e+01
1.787386196793096929e+02 2.403141058664434127e+01 7.609491274389851867e+01
1.794473790971730409e+02 2.451571736750595676e+01 7.689169296155580469e+01
1.802664466482065677e+02 2.510576984995814342e+01 7.777752269946552133e+01
1.809007663081975750e+02 2.563876778929744304e+01 7.851192768368858310e+01
1.813958867280571781e+02 2.605422918410715383e+01 7.916783437439629267e+01
1.817400170648464268e+02 2.639723742674995322e+01 7.962772393586193687e+01
1.819944603644793517e+02 2.665337433189516503e+01 7.997523021443750224e+01
1.822480761800502194e+02 2.683959688325069237e+01 8.029654839332860661e+01
1.825054140640092726e+02 2.711631141734818584e+01 8.056919795221843117e+01
1.826412985382188197e+02 2.726232854659025051e+01 8.070141187455728016e+01
1.827334905660377444e+02 2.733773101938308869e+01 8.076948451284692965e+01
1.828819241419280104e+02 2.748836048683109112e+01 8.085238585871594807e+01
1.830279992272522236e+02 2.759024083971923602e+01 8.101545173546267620e+01
1.831680629789426291e+02 2.771773617103483645e+01 8.122380224096851009e+01
1.833256085388627810e+02 2.791629048876296082e+01 8.129636969540858615e+01
1.834062592568742218e+02 2.809662405821366349e+01 8.147129242063236632e+01
1.828659604610728309e+02 2.773093727863996349e+01 8.084862998261317557e+01
1.800001416704230905e+02 2.546520542211346338e+01 7.756698113207546896e+01
1.762693219138386382e+02 2.263338431322042510e+01 7.329178472535257072e+01
1.735452524309356761e+02 2.072626859424303092e+01 7.027661633073604719e+01
1.722088205937278644e+02 1.983990920213793530e+01 6.886802917122803080e+01
1.719746844613304120e+02 1.966948612273810326e+01 6.865808326357138469e+01
1.720844178633524280e+02 1.978702427715886358e+01 6.874218075858071586e+01
1.725269447485349872e+02 1.995922306652070333e+01 6.935341779895678371e+01
1.733451300792066547e+02 2.038701461781183610e+01 7.030527561336853637e+01
1.743343083907527955e+02 2.099740324554060322e+01 7.144126473050421566e+01
1.751021427651490683e+02 2.148940691609247367e+01 7.226345225062786426e+01
1.754832474724708504e+02 2.172659057247729919e+01 7.268587642475368682e+01
1.757024422049069585e+02 2.180945489084937705e+01 7.289901635649430034e+01
1.756447437053255101e+02 2.174751110824908196e+01 7.283182271878420977e+01
1.754144697018481622e+02 2.154285047330800396e+01 7.251556281795350856e+01
1.753261156545817414e+02 2.147498551097945807e+01 7.238764247536866492e+01
1.755593260995556761e+02 2.166926878742997076e+01 7.266544046622448150e+01
1.760789844806490976e+02 2.198318468671517678e+01 7.324884409813896013e+01
1.766957080301371548e+02 2.251917702363320117e+01 7.390746023568806322e+01
1.773766131109537127e+02 2.303111758645115614e+01 7.462598203361453386e+01
1.781576646918668416e+02 2.354481454053706102e+01 7.543819788782278124e+01
1.790422966707450598e+02 2.411871015519350792e+01 7.634087030716723632e+01
1.795281714856075723e+02 2.455986863288041633e+01 7.694880707064201886e+01
1.797933398802240959e+02 2.473861162985382123e+01 7.735483611307876117e+01
1.801433092922918320e+02 2.499393553995749784e+01 7.778238940047653216e+01
1.804355528366282329e+02 2.523176315281087057e+01 7.817600135230858882e+01
1.805651152682078759e+02 2.537504507695279798e+01 7.837998422306651491e+01
1.806053400090153787e+02 2.543364833537252778e+01 7.841616330736042073e+01
1.806203957112499268e+02 2.556896129821624086e+01 7.843606317212956469e+01
1.807130739262025827e+02 2.579706999806813172e+01 7.852539442333697650e+01
1.808063960976238036e+02 2.592689967158220199e+01 7.859697984416253291e+01
1.808690739905982241e+02 2.600044272007212243e+01 7.864725996522635398e+01
1.809675719621353664e+02 2.612309066907076982e+01 7.869482419988408139e+01
1.811834277802820452e+02 2.633244413677635265e+01 7.899268626440851904e+01
1.813785981067679813e+02 2.655464131624702162e+01 7.920860808809324283e+01
1.814869888595530938e+02 2.665155032519801637e+01 7.933748792581621956e+01
1.810228266469186735e+02 2.631331379998712094e+01 7.887069032133427982e+01
1.779194120677442186e+02 2.404451832056152938e+01 7.544080108184687106e+01
1.733981244767853696e+02 2.093019672870114078e+01 7.052002221649816249e+01
1.700207241290488867e+02 1.884766565780153158e+01 6.698331508790005273e+01
1.685410296863931876e+02 1.792950286560628470e+01 6.542557473114817412e+01
1.679615493592633015e+02 1.756017934187648777e+01 6.477257711378710781e+01
1.679333521153969855e+02 1.748008564621031624e+01 6.483169714727284827e+01
1.684545527722326028e+02 1.766551291132719470e+01 6.540681788911069816e+01
1.691103982870757818e+02 1.796806780861613717e+01 6.606609569193122411e+01
1.698298473823169559e+02 1.834576437632815882e+01 6.688657994719557109e+01
1.705414981647240609e+02 1.877313413613239845e+01 6.760128952282825310e+01
1.711486814991306460e+02 1.896411552579045789e+01 6.822238875652006129e+01
1.713684171550003157e+02 1.907395357073861675e+01 6.850054253332474730e+01
1.713559936248309725e+02 1.900293000193186899e+01 6.842929035997165954e+01
1.712299681241547944e+02 1.883026595402150960e+01 6.831744156095048481e+01
1.710864624251400699e+02 1.874500450769528115e+01 6.819160441754137025e+01
1.711519254298409294e+02 1.893846030008371528e+01 6.814924496104063678e+01
1.715803351793418869e+02 1.929877004314508326e+01 6.856510077918733259e+01
1.723171888080365761e+02 1.973215757614785204e+01 6.936109215017064855e+01
1.731234126473050310e+02 2.017784467769978818e+01 7.017184139352180239e+01
1.739191899027625823e+02 2.064746281151394314e+01 7.094850280121063690e+01
1.747967544593985565e+02 2.115492304720200778e+01 7.182817148560756948e+01
1.754655386695859249e+02 2.153825262412260955e+01 7.253396226415094361e+01
1.759776643698886005e+02 2.184331573185652786e+01 7.308748953570739104e+01
1.764984158670873740e+02 2.224296960525468592e+01 7.368052675639127358e+01
1.770266066713890041e+02 2.258616459527335962e+01 7.428275001609891603e+01
1.775293112885568974e+02 2.291309324489664334e+01 7.479243512138579320e+01
1.779906497520767630e+02 2.318996071865542064e+01 7.522035546397063399e+01
1.784094677699787610e+02 2.343080687745508328e+01 7.565714147723613792e+01
1.788319273617103420e+02 2.378229602678858967e+01 7.615939371498487276e+01
1.792022345289458372e+02 2.411370500354176016e+01 7.654498035932770961e+01
1.795380417283791701e+02 2.437888144761414111e+01 7.690380417283792269e+01
1.799527335952089686e+02 2.472370725738939967e+01 7.732235333891428297e+01
1.802615236010045692e+02 2.501506697147272718e+01 7.766517161439887218e+01
1.805706935411166114e+02 2.520335984287462239e+01 7.795797862064524963e+01
1.808830140382510194e+02 2.543614044690578879e+01 7.831383540472664606e+01
1.811660119775903013e+02 2.562980391525533008e+01 7.872132783823813895e+01
1.804441045785304993e+02 2.517275581170712684e+01 7.798265503251980135e+01
1.770237072573893897e+02 2.273265020284628690e+01 7.411622287333376846e+01
1.731526563204327260e+02 2.021459205357717792e+01 6.983548522119905044e+01
1.704465580526756412e+02 1.858623060081138689e+01 6.704805525146500145e+01
1.697115928263249316e+02 1.805717367505956616e+01 6.623413452250628097e+01
1.697251851374847149e+02 1.801233337626376496e+01 6.628887082233241301e+01
1.700753783244252588e+02 1.821815152295704721e+01 6.672367022989246266e+01
1.707155692575181831e+02 1.853733337626376354e+01 6.737257067422241619e+01
1.717021170068903473e+02 1.910756487861420538e+01 6.838212215854208864e+01
1.728126440852598478e+02 1.978043660248567193e+01 6.956351986605704951e+01
1.735493045270139874e+02 2.023810934380835747e+01 7.039495460106897440e+01
1.737560644600424951e+02 2.037128437117650748e+01 7.063625796896130282e+01
1.734657785433704760e+02 2.021767660506149866e+01 7.037105415673900666e+01
1.728648802240968507e+02 1.986060113336338517e+01 6.971782793483160390e+01
1.724450254362805026e+02 1.956739970378002624e+01 6.911218365638482908e+01
1.723627310193830908e+02 1.950463970635584943e+01 6.895260319402407845e+01
1.725697742932577796e+02 1.964241258290939385e+01 6.916594758194345616e+01
1.730515084680275493e+02 1.993564782020735393e+01 6.968555766630176151e+01
1.736841280829415837e+02 2.033472374267499561e+01 7.035216208384312608e+01
1.743955792388434531e+02 2.074653068452572668e+01 7.111265857428037407e+01
1.751100698692768276e+02 2.114237716530362476e+01 7.189032133427780025e+01
1.757354997102195853e+02 2.155278189194410388e+01 7.256647079657415134e+01
1.762597543306072509e+02 2.196629853821881539e+01 7.318131882284757239e+01
1.768273761993689277e+02 2.229036802112177185e+01 7.379816794384699108e+01
1.772264038251014142e+02 2.254641799214373066e+01 7.416621965355142265e+01
1.774361629853821967e+02 2.271753010496490433e+01 7.435298956790521174e+01
1.776304752398737890e+02 2.282971537124090489e+01 7.458932481164272588e+01
1.780098750724451122e+02 2.301947002382638985e+01 7.486845257260608832e+01
1.781534693154742683e+02 2.321762186876167178e+01 7.511747053899156867e+01
1.783981132075471692e+02 2.333285465902504896e+01 7.548562206194861801e+01
1.786313461909974762e+02 2.352714437504024758e+01 7.583608893038829990e+01
1.788945134908880163e+02 2.369568549166076465e+01 7.615895099491274323e+01
1.791977268336660529e+02 2.395156642410973191e+01 7.659802788331508339e+01
1.794997391976302481e+02 2.421748019833859189e+01 7.697573894004764838e+01
1.792223855367377041e+02 2.410904597849185294e+01 7.663881930581491986e+01
1.764766646274711945e+02 2.234192317599330124e+01 7.365809614270075656e+01
1.727828546590250482e+02 1.996712763217206543e+01 6.967888305750531686e+01
1.699264650009659476e+02 1.832443170841651181e+01 6.666711636293386789e+01
1.687620113980295002e+02 1.763632075471698002e+01 6.547924206323652641e+01
1.686479280700624770e+02 1.753603419408847941e+01 6.529573378839590703e+01
1.689356429905338359e+02 1.763423594565007235e+01 6.562698982548779725e+01
1.695629113271942856e+02 1.794640189323201795e+01 6.625468800309099038e+01
1.705046236074441310e+02 1.846615364801339254e+01 6.721969218880803965e+01
1.716968027561336783e+02 1.909876199368922656e+01 6.843224933994461878e+01
1.725104401442462461e+02 1.961279702492111454e+01 6.937968961298216186e+01
1.727756149784274555e+02 1.975590991049005041e+01 6.971002157254169163e+01
1.726383959044368623e+02 1.969881029042436893e+01 6.959274905016421542e+01
1.720253090991049021e+02 1.936389658059115249e+01 6.900575053126408420e+01
1.713743866314637216e+02 1.897110406336531696e+01 6.831491242192028324e+01
1.710569965870307101e+02 1.870376875523214721e+01 6.792513040118487311e+01
1.710342761929293545e+02 1.873944072380707127e+01 6.789716981132075091e+01
1.713240147466031260e+02 1.889019898254877816e+01 6.823436634683496038e+01
1.718605528366282442e+02 1.920534322879773370e+01 6.882387790585356413e+01
1.725613046558052588e+02 1.960184171550003285e+01 6.958663951316890461e+01
1.731835388627728776e+02 2.022618809968446030e+01 7.015253557859489320e+01
1.737531183591989077e+02 2.067295221843003361e+01 7.073276611501061950e+01
1.742430179019898162e+02 2.103911713568162867e+01 7.119415770493914408e+01
1.746236782793483258e+02 2.130726704874750510e+01 7.161907560048940979e+01
1.749204295189645109e+02 2.149989857685620365e+01 7.186661568677956780e+01
1.752246458239422964e+02 2.155629628437117518e+01 7.227728604546332747e+01
1.754729425590830090e+02 2.170371884860583478e+01 7.256593631270526146e+01
1.756493045270139817e+02 2.180508725610148701e+01 7.280691287268980716e+01
1.757733063944877188e+02 2.186919634232726040e+01 7.304595112370404308e+01
1.759750837143409115e+02 2.198985929551162499e+01 7.325762283469637737e+01
1.762039893103226120e+02 2.212126344259128174e+01 7.357394391139159495e+01
1.760105914740163655e+02 2.205120580848734591e+01 7.340368665078240440e+01
1.737189629081074145e+02 2.064977783501835162e+01 7.102636679760448146e+01
1.702855818146693423e+02 1.856803400090153744e+01 6.733214791680082101e+01
1.676862161117908556e+02 1.711809034709253652e+01 6.475507920664563244e+01
1.665062061304655856e+02 1.653215596625668127e+01 6.357483257131817567e+01
1.661556652070320013e+02 1.634159958786786149e+01 6.322640221521024984e+01
1.662966385472342097e+02 1.644303400090153744e+01 6.333287880739261766e+01
1.667581090218301370e+02 1.668623543048489921e+01 6.378831379998712237e+01
1.674274164466482091e+02 1.702376682336274172e+01 6.448602453474144625e+01
1.682064846416382125e+02 1.745931483031747078e+01 6.532146628887886664e+01
1.690939822268014723e+02 1.796531650460428864e+01 6.627105254684782665e+01
1.696751078627084723e+02 1.832221327838238167e+01 6.691741419280056391e+01
1.696743447742932460e+02 1.831953763925558576e+01 6.690526595402150178e+01
1.692925832313735555e+02 1.810221843003412800e+01 6.650235044111018112e+01
1.688364833537252991e+02 1.788690353532101085e+01 6.601854272651168287e+01
1.686376038379805493e+02 1.777727477622512708e+01 6.579957337883959667e+01
1.687387194925622964e+02 1.786168298023053680e+01 6.586636776353918776e+01
1.689965870307167108e+02 1.802514006053190698e+01 6.611252012363964070e+01
1.695511542919698513e+02 1.837434316440208804e+01 6.671820947903921706e+01
1.703686312705261230e+02 1.876172000772747595e+01 6.757120548650911473e+01
1.712111179084294008e+02 1.914910329061755334e+01 6.839175252752913536e+01
1.719957128598106806e+02 1.952622995685491603e+01 6.920960783051066301e+01
1.727936409298731348e+02 1.990547523987378398e+01 6.985853403309936027e+01
1.730989793289973591e+02 2.017772876553544847e+01 7.028285948869856270e+01
1.734682416768626467e+02 2.044867827934831439e+01 7.060798667010109853e+01
1.738318436473694248e+02 2.069016195505183831e+01 7.096675252752913821e+01
1.740917959945907683e+02 2.091391106961169299e+01 7.125593727863996207e+01
1.743199079142249843e+02 2.104264118745572887e+01 7.147915190933092333e+01
1.745603644793611977e+02 2.114664176701655052e+01 7.170449642604160090e+01
1.748887854981003329e+02 2.146181660119776069e+01 7.211612145018996500e+01
1.752035208319917672e+02 2.171034033099362404e+01 7.254560982677571701e+01
1.745139303883057380e+02 2.137709446841393657e+01 7.199264279734690319e+01
1.716621804366024833e+02 1.972856429905338516e+01 6.902457176894841950e+01
1.682314669328353318e+02 1.771869244639062302e+01 6.543357428037865020e+01
1.659969814540536959e+02 1.650595498744284839e+01 6.332835018352759704e+01
1.651134297121514578e+02 1.600251947968317268e+01 6.238534999034065009e+01
1.649483595208963891e+02 1.591924785884474147e+01 6.220338882091570554e+01
1.650883781956339647e+02 1.600189162212634386e+01 6.242684010560886065e+01
1.655697115075020918e+02 1.625135713825745398e+01 6.289695408590379344e+01
1.662470603387210986e+02 1.657174480005151551e+01 6.351817245154227720e+01
1.670471279541503122e+02 1.698828482194603495e+01 6.426529718591022800e+01
1.678135021572541632e+02 1.737109923369180109e+01 6.498612434799407822e+01
1.682777674029235584e+02 1.758382381351020740e+01 6.546966643054929591e+01
1.683143328610985918e+02 1.757590153905595898e+01 6.542383926846545705e+01
1.680926363577822258e+02 1.744208738489277977e+01 6.511103258419730366e+01
1.677415255328739647e+02 1.726701332989889792e+01 6.472644085259835833e+01
1.674673836048683029e+02 1.715677925172258256e+01 6.443849893747182023e+01
1.675273182432867429e+02 1.719839976817567262e+01 6.450212988601970210e+01
1.679843003412969153e+02 1.745704005409234227e+01 6.500180790778543383e+01
1.685476270204134153e+02 1.775614173481872626e+01 6.569708126730633069e+01
1.691032149526691910e+02 1.811545656513619562e+01 6.631908686972761302e+01
1.696931483031746950e+02 1.845565232790263366e+01 6.694692510786271100e+01
1.702917106703586967e+02 1.878807875587610354e+01 6.758499259450060492e+01
1.708900041857170322e+02 1.906289361839139573e+01 6.811564975207676298e+01
1.713684863803206895e+02 1.931106478202073617e+01 6.861680565393778863e+01
1.717411262798634937e+02 1.948563655096915426e+01 6.899895035095627804e+01
1.719346110502930003e+02 1.960855657157576104e+01 6.920724129048876705e+01
1.720112933865670755e+02 1.964002189451992919e+01 6.931393038830574937e+01
1.722071157189774055e+02 1.975938405563783817e+01 6.949240453345353785e+01
1.724970217013329830e+02 1.998662502414836695e+01 6.971363094854787334e+01
1.727789925301049720e+02 2.017545881898383797e+01 6.999264923691158913e+01
1.725193589413355539e+02 2.004955245025436383e+01 6.972826807907784996e+01
1.701977171743190240e+02 1.883964035031231887e+01 6.739893264215339741e+01
1.669354642926138297e+02 1.699171067035868532e+01 6.413356462103162414e+01
1.647229860261446390e+02 1.589412550711571903e+01 6.203346158799665488e+01
1.637619051452121823e+02 1.534957820851310473e+01 6.109208899478394983e+01
1.634711491403181185e+02 1.522430774679631682e+01 6.086003606156224066e+01
1.635335791100521590e+02 1.520338238135102138e+01 6.096615364801339609e+01
1.637743801918990414e+02 1.532037317277351995e+01 6.117885729924657312e+01
1.641858619357331577e+02 1.554201172000772679e+01 6.157054060145534180e+01
1.647334100714791703e+02 1.579491596368085560e+01 6.212198306394487446e+01
1.653188936827870350e+02 1.606215950801725967e+01 6.263547395196084722e+01
1.657795801403825067e+02 1.627654227574215895e+01 6.309470667782857589e+01
1.660289989696696580e+02 1.638315087900058131e+01 6.333801114044690905e+01
1.660136502672419283e+02 1.640614978427458226e+01 6.324105222486959832e+01
1.657355190289136431e+02 1.627887178826711434e+01 6.295243898512460845e+01
1.654157109279412623e+02 1.614323040762444350e+01 6.263439854465838152e+01
1.653729731470152728e+02 1.611840105608860796e+01 6.259094919183463190e+01
1.655212280249855041e+02 1.620332120548651034e+01 6.273421501706484804e+01
1.658318130594371951e+02 1.634173159894391247e+01 6.313688421662695305e+01
1.663244107798312825e+02 1.660781763152810697e+01 6.368692446390623729e+01
1.670993930710284019e+02 1.698647208448709023e+01 6.446906111146886076e+01
1.680633942945457022e+02 1.737986509111983935e+01 6.525855335179342376e+01
1.684618536286947119e+02 1.762599974241741307e+01 6.575112853371112465e+01
1.687206758323137308e+02 1.785738135102067048e+01 6.594892620258870863e+01
1.688303400090154014e+02 1.797515937922596407e+01 6.603936827870435877e+01
1.689914064009273034e+02 1.808408461587996641e+01 6.614176862644085020e+01
1.690869711507502018e+02 1.818100006439564709e+01 6.622495975272072144e+01
1.692623784532165701e+02 1.828945360293644029e+01 6.639492562302788770e+01
1.696040198982548759e+02 1.845227799600747076e+01 6.672784145791744947e+01
1.700660892523665382e+02 1.868135585034451651e+01 6.713983192736171191e+01
1.705203812222293891e+02 1.890364640350312442e+01 6.765204939146113361e+01
1.702496442140511306e+02 1.875384281022602906e+01 6.737797829866701704e+01
1.679291647884602980e+02 1.748857782213922363e+01 6.504955245025436739e+01
1.650545205744091675e+02 1.600845192864962385e+01 6.233165046042887525e+01
1.631698563977075196e+02 1.508595369952991128e+01 6.060583907527851011e+01
1.622905354498035990e+02 1.467778028205293239e+01 5.983538379805525409e+01
1.619895743447742973e+02 1.451207901345869011e+01 5.958647852405177758e+01
1.619926991435378909e+02 1.454130175800115943e+01 5.965168555605641387e+01
1.622716224483224892e+02 1.463454665464614557e+01 5.984570964002833193e+01
1.626562206194861346e+02 1.473861323974499271e+01 6.015585195440787913e+01
1.632555541245411916e+02 1.495404726640479076e+01 6.069809871852663008e+01
1.639013973855367396e+02 1.526225771137871057e+01 6.122388595530942013e+01
1.642901200978813847e+02 1.538022409685105352e+01 6.157615268207869264e+01
1.643492578401699973e+02 1.545294610084358311e+01 6.158007115718977076e+01
1.641992063236525325e+02 1.542554897288943216e+01 6.145327129886019435e+01
1.639542307939983345e+02 1.534516388692124345e+01 6.117709446841393373e+01
1.638053561079271105e+02 1.529180243415545171e+01 6.108747343679566910e+01
1.637819901474660185e+02 1.531362450898319238e+01 6.106529396612788929e+01
1.640019737265760966e+02 1.534829029557601920e+01 6.129606381608603272e+01
1.644534097495009348e+02 1.553778092600940219e+01 6.171956661729667104e+01
1.649555992014939818e+02 1.576730793998325630e+01 6.222636035803979837e+01
1.655101680726382938e+02 1.602508210444974068e+01 6.272129403052353780e+01
1.660020574409169853e+02 1.627032165625603710e+01 6.323345675832313617e+01
1.664451316890978205e+02 1.653976109215017232e+01 6.374889239487410464e+01
1.669075986863288108e+02 1.680873526949578078e+01 6.426366475626247166e+01
1.673859440401828920e+02 1.706914160602743280e+01 6.475972213278382128e+01
1.678144165754395090e+02 1.730185298473823252e+01 6.514464067229054933e+01
1.681790231180372075e+02 1.743143634490308358e+01 6.549114237877519429e+01
1.683787172387146711e+02 1.760934702814089903e+01 6.565533195955953261e+01
1.684554382123768335e+02 1.766951349088801493e+01 6.565543821237683630e+01
1.685873011784403275e+02 1.780451735462682805e+01 6.573759417863352894e+01
1.689024228862128894e+02 1.794680919569837130e+01 6.607424979071414839e+01
1.694158043016292083e+02 1.825060209929808863e+01 6.656599909846094931e+01
1.696855512267370614e+02 1.843160216369373572e+01 6.683335855496169131e+01
1.685135359649687814e+02 1.782400508725610067e+01 6.569901313671195453e+01
1.657238795157447271e+02 1.636238650267241823e+01 6.291438276772490212e+01
1.634497520767596086e+02 1.523479779766887710e+01 6.065413098074569831e+01
1.621867167879451301e+02 1.458876295962392966e+01 5.940585678408139358e+01
1.618052337561980778e+02 1.422192671775387929e+01 5.915215725416961590e+01
1.618454536673320945e+02 1.417004958464807807e+01 5.927911649172516206e+01
1.621154726640478998e+02 1.424667074505763331e+01 5.953635617232274768e+01
1.625107943203039440e+02 1.440493914611372261e+01 5.993909137742288351e+01
1.630841152038122175e+02 1.467142282181724511e+01 6.050187230343228606e+01
1.637997730053448322e+02 1.505499871208706253e+01 6.110169199562109554e+01
1.643173739455212967e+02 1.530428392040698071e+01 6.157011076051259124e+01
1.644793161182304004e+02 1.540856623092278888e+01 6.169373591345225094e+01
1.643524502543627932e+02 1.533709672226157572e+01 6.151227863996393808e+01
1.641167525275291439e+02 1.521733047845965636e+01 6.129643087127310253e+01
1.639619276836885717e+02 1.509976012621546815e+01 6.117034741451477942e+01
1.639449546010689573e+02 1.509428327645051127e+01 6.114100553802563098e+01
1.640892217786077651e+02 1.516650621417992184e+01 6.129473887565200840e+01
1.645714485800759803e+02 1.530414707965741528e+01 6.164302273166333634e+01
1.649211604095563075e+02 1.553895936634683572e+01 6.204583199175736041e+01
1.653001593792259598e+02 1.570269656771202271e+01 6.253471569321914103e+01
1.658499420439178209e+02 1.599661439886663672e+01 6.310584390495202456e+01
1.665062109601391001e+02 1.638602131495910896e+01 6.378126247665657900e+01
1.670604095563139992e+02 1.666968735913452093e+01 6.437920342584841649e+01
1.674372931289844928e+02 1.685524985510979334e+01 6.469767692703973694e+01
1.676778366282439379e+02 1.703173417476978457e+01 6.485427265116878459e+01
1.679134297121514692e+02 1.712373784532165644e+01 6.507751304011848958e+01
1.680299037285079464e+02 1.722185266275999638e+01 6.510737652134716313e+01
1.681114076888402451e+02 1.720807682400669592e+01 6.517416446648206829e+01
1.683456420245991296e+02 1.737037317277351889e+01 6.539154646145919969e+01
1.686426910940820392e+02 1.763796445360293674e+01 6.573464646789877008e+01
1.683637645695150979e+02 1.751269882155966329e+01 6.545776450511945654e+01
1.662334052418056558e+02 1.650170648464163747e+01 6.346435056990147672e+01
1.638022216498164596e+02 1.533734786528430760e+01 6.111528269688969317e+01
1.623440981389658191e+02 1.464663854723420755e+01 5.973535321012299448e+01
1.617875201236396379e+02 1.427228411359392091e+01 5.925173868246506714e+01
1.616226704874750340e+02 1.414789587223903666e+01 5.908688421662695589e+01
1.617648158284499971e+02 1.422373301564814163e+01 5.924035836177474579e+01
1.621576888402344139e+02 1.439585131045141431e+01 5.959376650138450771e+01
1.628209656127245921e+02 1.469139835147143991e+01 6.025988795157447697e+01
1.637091168137033890e+02 1.501510721875201249e+01 6.105827967029429004e+01
1.644528752656320307e+02 1.535900895099491237e+01 6.182247408075214423e+01
1.648510271105673155e+02 1.558630948547878248e+01 6.220723485092407401e+01
1.648483112241612503e+02 1.554872818597462825e+01 6.214734689934960699e+01
1.644941126279863397e+02 1.536602807650202784e+01 6.183008081653679966e+01
1.640760287204585097e+02 1.518193219138386318e+01 6.143999130658767172e+01
1.639186682980230501e+02 1.510372528817051929e+01 6.132581138515036656e+01
1.640551548715306751e+02 1.519551484319659984e+01 6.144678826711314201e+01
1.643861340073410986e+02 1.536011172644729150e+01 6.179182980230536515e+01
1.648018529847382183e+02 1.557355914740163527e+01 6.227349636164595381e+01
1.653527271556442884e+02 1.587239197630240284e+01 6.278890463004700706e+01
1.659502656320432834e+02 1.622436248309614371e+01 6.334383572670487439e+01
1.665321028398480223e+02 1.656079754008629124e+01 6.393893038830574937e+01
1.670840443686006722e+02 1.683799021186167977e+01 6.450189967158219417e+01
1.676106124026015891e+02 1.714113432931933900e+01 6.501108571060596830e+01
1.680391412840492080e+02 1.741773134136132484e+01 6.540887693991885499e+01
1.682918120935024717e+02 1.763077306974048497e+01 6.569317245154228146e+01
1.685738521475948346e+02 1.778507791873269284e+01 6.594799246570931928e+01
1.688195537381672864e+02 1.795153422628630224e+01 6.618640768884023373e+01
1.690622158542082616e+02 1.804101519737265846e+01 6.637965580526756071e+01
1.687975143280314114e+02 1.784583521153970054e+01 6.602569869276837267e+01
1.665954778156996667e+02 1.667520284628758986e+01 6.385862579689612772e+01
1.639249372142443235e+02 1.539135488440981447e+01 6.125322944168974004e+01
1.622474869598815133e+02 1.456655612080623285e+01 5.960604997102196023e+01
1.615275983643505811e+02 1.422182207482774174e+01 5.896039828707579034e+01
1.613727220039925214e+02 1.417726672676927002e+01 5.881410586644342686e+01
1.615703667332088287e+02 1.417708480906690660e+01 5.899670133298989327e+01
1.620285852276386152e+02 1.436066874879258215e+01 5.944143859875072167e+01
1.627117538154420799e+02 1.465639770751497117e+01 6.005475883830253281e+01
1.636635198660570438e+02 1.506914965548329022e+01 6.091983707901346179e+01
1.646235671968574934e+02 1.548899800373494706e+01 6.182052933221714142e+01
1.651882107669521531e+02 1.577188325069225350e+01 6.231404952025243205e+01
1.652269222100586035e+02 1.577881544207611597e+01 6.234219685749243212e+01
1.650616942494687294e+02 1.565847285723485172e+01 6.217114270075342830e+01
1.648333150879000470e+02 1.550477332732307367e+01 6.193871466288879191e+01
1.646223678279348235e+02 1.549659990984609514e+01 6.178435668748792864e+01
1.646344226930259538e+02 1.547306008113851483e+01 6.184155612080623143e+01
1.649534821946036516e+02 1.555801564814218629e+01 6.220627374589477654e+01
1.655294384699594445e+02 1.575013845064073692e+01 6.267503863738811276e+01
1.659325938566553020e+02 1.597191061884216623e+01 6.315110760512589394e+01
1.665436200012879056e+02 1.629644053062013143e+01 6.373320239551806310e+01
1.671518030781119251e+02 1.664414321591860357e+01 6.437242739390816837e+01
1.677037945134908909e+02 1.692487603837980714e+01 6.484494494172193413e+01
1.681410216369373529e+02 1.715606124026015777e+01 6.522602067100264378e+01
1.684782133427780195e+02 1.734312737458947851e+01 6.560973823169553043e+01
1.687359359907270289e+02 1.751338624508983344e+01 6.589580784338978958e+01
1.689418104836113059e+02 1.764800051516517598e+01 6.600015293966127672e+01
1.691368890463004675e+02 1.773849088801597063e+01 6.619433640285916454e+01
1.692664385987507103e+02 1.780610148753944344e+01 6.628295286238650874e+01
1.693579625217335263e+02 1.782973629982613062e+01 6.628132365252109537e+01
1.684736412518513760e+02 1.742970732178504889e+01 6.548638998003734457e+01
1.656890366411230673e+02 1.600947903921694859e+01 6.283084229506085450e+01
1.632952379419151328e+02 1.479820014167042252e+01 6.050879805525146793e+01
1.621096979844162433e+02 1.422236299826131756e+01 5.934908558181466987e+01
1.617613110953699618e+02 1.405240839719234991e+01 5.902104127760963337e+01
1.617365380900251068e+02 1.403917348187262526e+01 5.906938952926782349e+01
1.619342343357589016e+02 1.412188808036576759e+01 5.926246216755747298e+01
1.623724998390108851e+02 1.427366379032777388e+01 5.969151426363578139e+01
1.629997150492626758e+02 1.454259289072058792e+01 6.018857943203039440e+01
1.638974338334728600e+02 1.488321527464743355e+01 6.103680372206839166e+01
1.647339171871981591e+02 1.524840298795801452e+01 6.182759031489471369e+01
1.651049294867667072e+02 1.544942848863416884e+01 6.225990244059501322e+01
1.652060805589542269e+02 1.543271298860197049e+01 6.236210638160860498e+01
1.651112724579818405e+02 1.535606606993367329e+01 6.220362708480906377e+01
1.648706355850344494e+02 1.517971698113207601e+01 6.194013780668426961e+01
1.646128179535063509e+02 1.506990469444265557e+01 6.160471054156739257e+01
1.645942349797153668e+02 1.498740099169296158e+01 6.159182014295833341e+01
1.648951767660506107e+02 1.516157833730439819e+01 6.181389980037349829e+01
1.654145823942301377e+02 1.540281730954987438e+01 6.230104964904372622e+01
1.659382735527078410e+02 1.563602775452379490e+01 6.277207804752399056e+01
1.664699803593277068e+02 1.599023279026337896e+01 6.328207708158928568e+01
1.670652199111339939e+02 1.632715242449610571e+01 6.388524212763217491e+01
1.676831621482387789e+02 1.665894455534805729e+01 6.455885923111597435e+01
1.681134619099748875e+02 1.696053995749887378e+01 6.500201236396419802e+01
1.683625571511365706e+02 1.713119003155386721e+01 6.531738038508596844e+01
1.684665947581943328e+02 1.719339944619743576e+01 6.535548650911198365e+01
1.686506520059243996e+02 1.724052579045656586e+01 6.539107798312834063e+01
1.689183624187004966e+02 1.737303271298860352e+01 6.564645018996715464e+01
1.693048393328610928e+02 1.762377487281859700e+01 6.607301661407689153e+01
1.694504073024663455e+02 1.776734496748019865e+01 6.626201622770300048e+01
1.678441802434155363e+02 1.692796219975529581e+01 6.466883089703135568e+01
1.647336177474402632e+02 1.543366765406658558e+01 6.167628469315474149e+01
1.625791342005280455e+02 1.444709253654452930e+01 5.965828932964131326e+01
1.615284757550389543e+02 1.400501159121643369e+01 5.869708931676218810e+01
1.610702620902827107e+02 1.383077467963165752e+01 5.836420406980488451e+01
1.610569080430162785e+02 1.382959784918539548e+01 5.833355335179341949e+01
1.613192961555798774e+02 1.391165078240710962e+01 5.860442237104771834e+01
1.616323877905853692e+02 1.400479908558181386e+01 5.893241837851761034e+01
1.619783018867924511e+02 1.412941915126537396e+01 5.925071801146242478e+01
1.627553367892330414e+02 1.442854981003284109e+01 5.990009981325262345e+01
1.635068694056281799e+02 1.474929969734045976e+01 6.064150138450640526e+01
1.636942043917831029e+02 1.481743190160345236e+01 6.084140801081846917e+01
1.636572960267886003e+02 1.471991918346319750e+01 6.075072928070062517e+01
1.635418362418700440e+02 1.470921662695601739e+01 6.061630014810998546e+01
1.634966208384313120e+02 1.464497391976302332e+01 6.055156803400090126e+01
1.633795672612531291e+02 1.462264311932513294e+01 6.046990469444265415e+01
1.633823797411295118e+02 1.462236460815248940e+01 6.044454890849378614e+01
1.635640076630819806e+02 1.469831444394358932e+01 6.063535964968767900e+01
1.641196487217464153e+02 1.490656835597913599e+01 6.102671292420632199e+01
1.645917122802498511e+02 1.520994590765664256e+01 6.160997649558889577e+01
1.651890591795994681e+02 1.549236267628308283e+01 6.221816118230407966e+01
1.657619920793354424e+02 1.578064427844677731e+01 6.275006439564685223e+01
1.662703441947324450e+02 1.602299729538283302e+01 6.329055959817116417e+01
1.667775114302273209e+02 1.626470957563268627e+01 6.374724064653229760e+01
1.671721215145856263e+02 1.646178923304784547e+01 6.408979972953828508e+01
1.674043225577950977e+02 1.657992304720200849e+01 6.429661761864898040e+01
1.676852067100263923e+02 1.674128726898061714e+01 6.450163403953892782e+01
1.681502366540021853e+02 1.705783856011333555e+01 6.501103902376199528e+01
1.686619051452121880e+02 1.743410554446519356e+01 6.560842939017322806e+01
1.679978379161568682e+02 1.716135134264923678e+01 6.499608635456243633e+01
1.650927635391847446e+02 1.571359070126859336e+01 6.218433736879386942e+01
1.624192333698242123e+02 1.453919763024019574e+01 5.973652843067808504e+01
1.611451332989889806e+02 1.391289844806491161e+01 5.854560016742868100e+01
1.605990775323588196e+02 1.366731598943911408e+01 5.804044046622448150e+01
1.604727654710541458e+02 1.362302949320625878e+01 5.795850827484061796e+01
1.606375104642926033e+02 1.375458818983836728e+01 5.818205293322171201e+01
1.610954295189645222e+02 1.382040698048811933e+01 5.861245250821044550e+01
1.616806281795350628e+02 1.392778189194410388e+01 5.918708384313220705e+01
1.624226044819370145e+02 1.417000128791293712e+01 5.995957885246957630e+01
1.631259321269882037e+02 1.445823781312383360e+01 6.058979972953828508e+01
1.636857862708480980e+02 1.468450962714920394e+01 6.109440723807070839e+01
1.638426749951703130e+02 1.484158348895614665e+01 6.122129725030588077e+01
1.636621079914997665e+02 1.475255650718011502e+01 6.099509305170970208e+01
1.633305718333440666e+02 1.457198950350956324e+01 6.065280926009401696e+01
1.631763893360808879e+02 1.454546171678794586e+01 6.043249243351149147e+01
1.631818613561723339e+02 1.456573829609118498e+01 6.046635166462747435e+01
1.633839204069804794e+02 1.464065619164144572e+01 6.069898415867087493e+01
1.637916784725352670e+02 1.488243447742932624e+01 6.113178247150492695e+01
1.642708915577306925e+02 1.512030555734432369e+01 6.156864092987314052e+01
1.647468059759160326e+02 1.535811707128598158e+01 6.208879676733852904e+01
1.652645357073861874e+02 1.566466288878871715e+01 6.248967898770042950e+01
1.657414112306008178e+02 1.590781924141928094e+01 6.288690836499452530e+01
1.662250579560821677e+02 1.615041696181338082e+01 6.324153358232983635e+01
1.665446696503316275e+02 1.628103387211024611e+01 6.352042146950866197e+01
1.668205808487346360e+02 1.646913033678923455e+01 6.382101229956855093e+01
1.671604868310902248e+02 1.675679696052546674e+01 6.418900122351729465e+01
1.674672226157511830e+02 1.694944458754588013e+01 6.451509433962263529e+01
1.675673288685684952e+02 1.701661568677957348e+01 6.459028591667203045e+01
1.664973324103290508e+02 1.653167138901410382e+01 6.359315635263056521e+01
1.639250241483675836e+02 1.528510528688260628e+01 6.116242996973404900e+01
1.617805476849764830e+02 1.426381769592375548e+01 5.912478910425654988e+01
1.606184429132590594e+02 1.372060177731985320e+01 5.806797604481936759e+01
1.601166865219911131e+02 1.346939435894133474e+01 5.763674093631270523e+01
1.600322783179857140e+02 1.347641187455728051e+01 5.757183978363062948e+01
1.602986927683688521e+02 1.362641831412196503e+01 5.786118230407624452e+01
1.608748148625153078e+02 1.387443814798119668e+01 5.841416382252559458e+01
1.616844065941142503e+02 1.408476077017193617e+01 5.909733080043788789e+01
1.626301001352308617e+02 1.444408043016292176e+01 5.995260963358877149e+01
1.633531215789812734e+02 1.471760576984995872e+01 6.058527915512911477e+01
1.636342101873913464e+02 1.483565264988086874e+01 6.088403309936248320e+01
1.635712731019383170e+02 1.478628533711121129e+01 6.080365123317663745e+01
1.633264859295511542e+02 1.465505666816923203e+01 6.054235945650074058e+01
1.630549504153519251e+02 1.450264022152102505e+01 6.029087030716723206e+01
1.629304494816150566e+02 1.441270687101551928e+01 6.021588157640543670e+01
1.630337594178633651e+02 1.449246087964453622e+01 6.032590153905596253e+01
1.632632542340137718e+02 1.463015970120419773e+01 6.053131560306523085e+01
1.635960525468478295e+02 1.480264183141219725e+01 6.081223839268465525e+01
1.640231695537381711e+02 1.498809807457015886e+01 6.126403020155837709e+01
1.647175767918088809e+02 1.524295350634297108e+01 6.179267177538798705e+01
1.650541583488956121e+02 1.546111307875587570e+01 6.223543853435507600e+01
1.654020671002640199e+02 1.559087513684074899e+01 6.257878485414386205e+01
1.657393586193573185e+02 1.569627793161182261e+01 6.288632236460815506e+01
1.660677731985317678e+02 1.585577145984931491e+01 6.323567679824844134e+01
1.664656787301178440e+02 1.603328289007663088e+01 6.360274325455598898e+01
1.668159620709639910e+02 1.619619904694442525e+01 6.397300856462103269e+01
1.662464727284435639e+02 1.593339236267628323e+01 6.342983289329641394e+01
1.638718252946100904e+02 1.507071768948419077e+01 6.115740871917058286e+01
1.616678858909137659e+02 1.418037059694764679e+01 5.903629177667589545e+01
1.604612273810290333e+02 1.371915609504797473e+01 5.791122416124670025e+01
1.599640205422113581e+02 1.350302498551097941e+01 5.753121578981260598e+01
1.599500788846673913e+02 1.348738489278124852e+01 5.749392105093695449e+01
1.602772940949191707e+02 1.353969830639448801e+01 5.782551999484834937e+01
1.608474612016227638e+02 1.365911842359456507e+01 5.833481389658059157e+01
1.617722615751175113e+02 1.399275870951123757e+01 5.912359456500740862e+01
1.629432271878420977e+02 1.444532004636486633e+01 6.020899929164788489e+01
1.639392410973018173e+02 1.486457756455663670e+01 6.108093405885762195e+01
1.645621353596496874e+02 1.514016195505183937e+01 6.163717399703779876e+01
1.646720345804623662e+02 1.518787590958851119e+01 6.181511687809904032e+01
1.643844404018288401e+02 1.504586418958078475e+01 6.152537993431644026e+01
1.639422467641187495e+02 1.484398222680146873e+01 6.111455663597141097e+01
1.637415577306973944e+02 1.473624669972309853e+01 6.088874686071221731e+01
1.637700817824714932e+02 1.479862515293966041e+01 6.100028978041084571e+01
1.640130304591409640e+02 1.496897900701912576e+01 6.125192542984094501e+01
1.643921195827162194e+02 1.512622512718140300e+01 6.158100489406916012e+01
1.648367618648979374e+02 1.535207353982870693e+01 6.201665593405886057e+01
1.654093470281408997e+02 1.560393135424045319e+01 6.251727252237748900e+01
1.659882848219460243e+02 1.586486251529396618e+01 6.299026498808680685e+01
1.664317196857492434e+02 1.604440240839719323e+01 6.344481293064588812e+01
1.668338930388305812e+02 1.627027496941206763e+01 6.389139513168909446e+01
1.672977220039925328e+02 1.652095273359520888e+01 6.433633041406400821e+01
1.676741193895292668e+02 1.672782052933221664e+01 6.468584261703908567e+01
1.673486863288041775e+02 1.657699948483482544e+01 6.438161665271427125e+01
1.649801677506600583e+02 1.555202202331122407e+01 6.223081975658445231e+01
1.622851857814411858e+02 1.431084100714791596e+01 5.970516292098653821e+01
1.607505699014746483e+02 1.368394455534805765e+01 5.826234625539313328e+01
1.600362257711378788e+02 1.333049616845901220e+01 5.763571382574537694e+01
1.598629338656706693e+02 1.318628050743769720e+01 5.749569515100779427e+01
1.600902987958014023e+02 1.326814508339236198e+01 5.771164434284242617e+01
1.605541567390044406e+02 1.342335630111404399e+01 5.807062753557859480e+01
1.611836048683109084e+02 1.361068806748663818e+01 5.863919763024019716e+01
1.620210911842359565e+02 1.395633492175928936e+01 5.942300051516517811e+01
1.628557521411552500e+02 1.438527432545559925e+01 6.020250821044497513e+01
1.633411262798634880e+02 1.459818243286753869e+01 6.064618777770622415e+01
1.635043112885568917e+02 1.468584422693025893e+01 6.079627954150299729e+01
1.634422081267306339e+02 1.459617167879451394e+01 6.073011140446905642e+01
1.631278559469379843e+02 1.448591345225062810e+01 6.043564943009852186e+01
1.628926508468027521e+02 1.433835082748406187e+01 6.015086451155902125e+01
1.629811948612273795e+02 1.439943009852533962e+01 6.016301275033807627e+01
1.632097849185394978e+02 1.455295254040826869e+01 6.038716755747311282e+01
1.636017612209414551e+02 1.471790681949900126e+01 6.071559984545044841e+01
1.641389384377615954e+02 1.491450833923626718e+01 6.121591377422885927e+01
1.647444893425204384e+02 1.516990952411616966e+01 6.188101777319852914e+01
1.653120564749822847e+02 1.540641219653551452e+01 6.242120226672676608e+01
1.657334100714791703e+02 1.560889303883057444e+01 6.275518867924528621e+01
1.660708609697984457e+02 1.576309163500547328e+01 6.310420664563075377e+01
1.664531425075664970e+02 1.607301500418571649e+01 6.349186843969347649e+01
1.668642813445811157e+02 1.635264827097688212e+01 6.395509208577500004e+01
1.670241065103998892e+02 1.643970635585034401e+01 6.413110148753943918e+01
1.656364543756841954e+02 1.578571865541889352e+01 6.273840556378388555e+01
1.628852131495910953e+02 1.448185974628115069e+01 6.019399993560435291e+01
1.608106864575954660e+02 1.364313220426299189e+01 5.836016485285594513e+01
1.597154082684010632e+02 1.318821398673449607e+01 5.745622544915963914e+01
1.592434896001030324e+02 1.298475433060725059e+01 5.704309356687488020e+01
1.592143602292485127e+02 1.296445682271878397e+01 5.705565393779380656e+01
1.594694957820851187e+02 1.306904501255715090e+01 5.727388434541825291e+01
1.598842423852147476e+02 1.324909041148818289e+01 5.764808422950608247e+01
1.604582780604031029e+02 1.347234045978491856e+01 5.810454150299440101e+01
1.611920310387017707e+02 1.379852211990469435e+01 5.870884796187777965e+01
1.618793064588833772e+02 1.407822944168974111e+01 5.925869180243415713e+01
1.622325536093759979e+02 1.428141380642668601e+01 5.950677925172258398e+01
1.623092456049971020e+02 1.423412969283276475e+01 5.956355045398930770e+01
1.622174528301886767e+02 1.407198950350956324e+01 5.959017483418121230e+01
1.621012299568549224e+02 1.396960686457595457e+01 5.947457981840427266e+01
1.620851873913323402e+02 1.390662953184364703e+01 5.949821141090862398e+01
1.622160828128018579e+02 1.398568162792195224e+01 5.957857878807392638e+01
1.625173707257389424e+02 1.412647305042179191e+01 5.987001899671582095e+01
1.628909894391139233e+02 1.432679824843840599e+01 6.019538605190289360e+01
1.634248068130594334e+02 1.458506503960332346e+01 6.067197018481550685e+01
1.640058052675639146e+02 1.487929679953635187e+01 6.114570320046365026e+01
1.644749806813059365e+02 1.510517419022474073e+01 6.156485607572928132e+01
1.647059243995105930e+02 1.521182304076244485e+01 6.169563075536093777e+01
1.648207804752398715e+02 1.525797862064524502e+01 6.179034226286302811e+01
1.649131029042436865e+02 1.529540537059694749e+01 6.182355431772812437e+01
1.652102791551291148e+02 1.548235881254427149e+01 6.209973758773907093e+01
1.655443444523150163e+02 1.567112499195054376e+01 6.245865638482838733e+01
1.647544272007212385e+02 1.527759353467705594e+01 6.171109536995299294e+01
1.622724145147788022e+02 1.417005441432159252e+01 5.946052707836950191e+01
1.601780249855109730e+02 1.333520831991757305e+01 5.761221585420825875e+01
1.590306008113851419e+02 1.285164691866829756e+01 5.664962167557472839e+01
1.584068855045399005e+02 1.260123156674608857e+01 5.609935282374911480e+01
1.581869341232532804e+02 1.245197694635842645e+01 5.598783405241805866e+01
1.583779702492111596e+02 1.249887790585356484e+01 5.620064073668620352e+01
1.588531054800695586e+02 1.264092182368471917e+01 5.669277319853178199e+01
1.594972181080559039e+02 1.290000643956468629e+01 5.721997069998067786e+01
1.602131817889110721e+02 1.310890108828643186e+01 5.784909041148818432e+01
1.608499146757679057e+02 1.344344613304140701e+01 5.836259095885117887e+01
1.612720941464357054e+02 1.373271459849314269e+01 5.867572606091827936e+01
1.614238312190095996e+02 1.383358232983450264e+01 5.873878710799149871e+01
1.613296010689677473e+02 1.381362933865670684e+01 5.866133524373752550e+01
1.611614382767724862e+02 1.375530942108313504e+01 5.845799471955695736e+01
1.610947356558696697e+02 1.372357846609569165e+01 5.838805943718204361e+01
1.611163210766952147e+02 1.372043434863803135e+01 5.851083295769205961e+01
1.612415029943975924e+02 1.375317148560757374e+01 5.869140479103612762e+01
1.615939033421340696e+02 1.396535192221005772e+01 5.900741193895292724e+01
1.620544159314830210e+02 1.417252559726962424e+01 5.943344387919376715e+01
1.624588511816601226e+02 1.434603483804494850e+01 5.983594565007405208e+01
1.628797282503702775e+02 1.446695376392555943e+01 6.018529042436730947e+01
1.633430259514456964e+02 1.465340330993624818e+01 6.059799890527400379e+01
1.638221005860003743e+02 1.484524760126215526e+01 6.097725062785755767e+01
1.641194362161117795e+02 1.496636776353918563e+01 6.123321849442977793e+01
1.644601632429647680e+02 1.506847833086483313e+01 6.156610213149591004e+01
1.649095788524695649e+02 1.522396323008564600e+01 6.199069804881190038e+01
1.653407028784854162e+02 1.540500193186940514e+01 6.246641606027432658e+01
1.655528607766115101e+02 1.549358941335565731e+01 6.264722454762058135e+01
1.645528189194410515e+02 1.503322815377680399e+01 6.166933640285916596e+01
1.620326389336080979e+02 1.391391267950286625e+01 5.946258290939532287e+01
1.599239600103032899e+02 1.305802852727155638e+01 5.762565361581557255e+01
1.586461427007534155e+02 1.253023053641573803e+01 5.661550647176250806e+01
1.580807521411552443e+02 1.232281054800695408e+01 5.601485607572928416e+01
1.579813558503445279e+02 1.227916478846029946e+01 5.599516871659475470e+01
1.581711201622770204e+02 1.242350763088415277e+01 5.614820980101745107e+01
1.585411906755103360e+02 1.260582136647562557e+01 5.647264633910747733e+01
1.591043225577950864e+02 1.285615622383926926e+01 5.695226189709575948e+01
1.599345675832313702e+02 1.315368665078240795e+01 5.764267338527915285e+01
1.606813767789297458e+02 1.347010593083907537e+01 5.826688131882284694e+01
1.609992900379934326e+02 1.355963519866057077e+01 5.854854948805460424e+01
1.610228363062657024e+02 1.359572090926653409e+01 5.847346416382252698e+01
1.609371482387790593e+02 1.359352823749114592e+01 5.837864962328546881e+01
1.608053400090153957e+02 1.356058503445167140e+01 5.821102614463262626e+01
1.607608571060596319e+02 1.355936956661729731e+01 5.819397256745443769e+01
1.609193170841651011e+02 1.365020123639641980e+01 5.834347672097366200e+01
1.612870693541116509e+02 1.374616201944748539e+01 5.872053094210831148e+01
1.618427619292935731e+02 1.389827419666430508e+01 5.920115751175220709e+01
1.624046863931998246e+02 1.415114141284049154e+01 5.975509047588383282e+01
1.630397401635649430e+02 1.437496941206774359e+01 6.030740388949706698e+01
1.636189725674544491e+02 1.461797604481937007e+01 6.081063816086032858e+01
1.641370178375941862e+02 1.485193025951445733e+01 6.133384152231309372e+01
1.646858345675832425e+02 1.507575825874170938e+01 6.185994751754781618e+01
1.651077387468607185e+02 1.526511687809904139e+01 6.228318790649752401e+01
1.654948386889046219e+02 1.545790617554253288e+01 6.269785240517740732e+01
1.658238811256358929e+02 1.567322911971150745e+01 6.289552611243480129e+01
1.661608828643183813e+02 1.585713181788911008e+01 6.316748663790328067e+01
1.665780410844226935e+02 1.604522184300341436e+01 6.354924174125829239e+01
1.669598477042951856e+02 1.625148431965999052e+01 6.385795769206001893e+01
1.672269383089703183e+02 1.635134103934574057e+01 6.410463648657351143e+01
1.669092858522763834e+02 1.622297153712409212e+01 6.376946358426170036e+01
1.645357717818275489e+02 1.517502414836757119e+01 6.158724483224933977e+01
1.616345724129049017e+02 1.386623414257196174e+01 5.890273520510013583e+01
1.597920036705518783e+02 1.309875716401571211e+01 5.729116491725159221e+01
1.590023874686071110e+02 1.276175864511558977e+01 5.660587449288428274e+01
1.588004073024663398e+02 1.261747214888273483e+01 5.648189838366926097e+01
1.589137629596239378e+02 1.269297282503702817e+01 5.667454923047201731e+01
1.594245926975336545e+02 1.289440240839719287e+01 5.713496844613304404e+01
1.602205695794964129e+02 1.314073024663532685e+01 5.790969315474274026e+01
1.611939001223517209e+02 1.356191480455921194e+01 5.871780539635520313e+01
1.620004845772425881e+02 1.390166945714469726e+01 5.945451252495331573e+01
1.625454520574409116e+02 1.409975851632429666e+01 5.989040504861871028e+01
1.626984883121901078e+02 1.414797314701526254e+01 6.001546139480971220e+01
1.626021910618842128e+02 1.405501159121643440e+01 5.988497488569772997e+01
1.622945199304527080e+02 1.389654195376392565e+01 5.954014102646661399e+01
1.620709044368600757e+02 1.381376295962392931e+01 5.934810837787365756e+01
1.621247408075214196e+02 1.388542565522570627e+01 5.929084615879966691e+01
1.624131721295640318e+02 1.405886889046300503e+01 5.949889239487410464e+01
1.627787880739261936e+02 1.423697598042372370e+01 5.981054800695473261e+01
1.632763313799987088e+02 1.446030491338785495e+01 6.023529847382317115e+01
1.638778865348702425e+02 1.476222873333762564e+01 6.086420085002254154e+01
1.644524679631657023e+02 1.504616523922982729e+01 6.140930678086161265e+01
1.650268932320175281e+02 1.529968929100392749e+01 6.192171743190160527e+01
1.655496248953570841e+02 1.553837336596046192e+01 6.240384442011720267e+01
1.659445955953377450e+02 1.573755554124541156e+01 6.287760802369759716e+01
1.663227992787687413e+02 1.589951703264859262e+01 6.320964002833408557e+01
1.666352872045849836e+02 1.607867377165303679e+01 6.351677506600553613e+01
1.669378018545946247e+02 1.623060081138515187e+01 6.384008629016678782e+01
1.672183109021830205e+02 1.637426588962586038e+01 6.414811481743834065e+01
1.675361388370146187e+02 1.653267918088737076e+01 6.442606896773777692e+01
1.679054462618327079e+02 1.677762090282696761e+01 6.477242739390817405e+01
1.681388257453796200e+02 1.696939274905016504e+01 6.503618069418507730e+01
1.673597092536544437e+02 1.658869856397707565e+01 6.428122705905080636e+01
1.646334197308262048e+02 1.528698081009723708e+01 6.156304494816150452e+01
1.620598943911391530e+02 1.412750982033614555e+01 5.929583521153970338e+01
1.607632622834696292e+02 1.352864318372077967e+01 5.803396387404211509e+01
1.602632671131431437e+02 1.328747343679567194e+01 5.761416221263442594e+01
1.602189838366926438e+02 1.326337980552514573e+01 5.759145308777126360e+01
1.605788090025114343e+02 1.348966288878871822e+01 5.797049552450254595e+01
1.614487684332539175e+02 1.382749694120677475e+01 5.870275613368536227e+01
1.626186795672612391e+02 1.429444426556764824e+01 5.980163081975658201e+01
1.638294964260416009e+02 1.476971955695795025e+01 6.096515712537832599e+01
1.649038347607701667e+02 1.524482258999291595e+01 6.197640382510142132e+01
1.655581589284564359e+02 1.555226028720458409e+01 6.264736943782600065e+01
1.656494751754781305e+02 1.553805621739970455e+01 6.267127793161182581e+01
1.652318597462811454e+02 1.525896548393328622e+01 6.220340009015390592e+01
1.647190498422306746e+02 1.496563848283856046e+01 6.164242707192993720e+01
1.644338656706806603e+02 1.478505860003863681e+01 6.135673739455212683e+01
1.644488151200978905e+02 1.482169167364286189e+01 6.133737845321656579e+01
1.647880368987056556e+02 1.504581750273681529e+01 6.172702846287590717e+01
1.653238956146564362e+02 1.531728218172451506e+01 6.220870307167235325e+01
1.659025420181595791e+02 1.566360197050679304e+01 6.274073507630884450e+01
1.665379918217528541e+02 1.603264698306394465e+01 6.335366894197952092e+01
1.671746442140511419e+02 1.636745926975336474e+01 6.394765116878099320e+01
1.677787510464292495e+02 1.664551001352308646e+01 6.455401345869019281e+01
1.683032407109279518e+02 1.685225384763990064e+01 6.503646242514005849e+01
1.686632542340137775e+02 1.700574731148174479e+01 6.544061755425333615e+01
1.690670085002253984e+02 1.716555637838882120e+01 6.582236943782599781e+01
1.694161278897546481e+02 1.734291647884602838e+01 6.613092600940176169e+01
1.697418700495846622e+02 1.757025082104449609e+01 6.649153519222100783e+01
1.701483836692639500e+02 1.783548200141670392e+01 6.688214630690964668e+01
1.702819434606220739e+02 1.793518417155000222e+01 6.707131012943524695e+01
1.687901072187520128e+02 1.720527239358619198e+01 6.552526724193444352e+01
1.653965564427844583e+02 1.555456404147079574e+01 6.218788556893554187e+01
1.627146789877004380e+02 1.433477364930130804e+01 5.974710219589155713e+01
1.617513651877133043e+02 1.377324843840556312e+01 5.888289490630433676e+01
1.614480777899414079e+02 1.364092987314057481e+01 5.862824715049262636e+01
1.616003493463841778e+02 1.370531425075664878e+01 5.881577049391461287e+01
1.621857701719363831e+02 1.389061594436216041e+01 5.937719589155773292e+01
1.631464083327967103e+02 1.427910844226930287e+01 6.022985221199046890e+01
1.643724322235816828e+02 1.484043080687745508e+01 6.129449256230278564e+01
1.655811224161246571e+02 1.537603355013201067e+01 6.245850988473178944e+01
1.665780797218108091e+02 1.589387758387533012e+01 6.338162953184365023e+01
1.670185185781441248e+02 1.612552321463068949e+01 6.381609730182239559e+01
1.667744300985253290e+02 1.593280314250756646e+01 6.357444941721939813e+01
1.660049375362225419e+02 1.564365219911134020e+01 6.277773520510013583e+01
1.654118214308712709e+02 1.541887436409298751e+01 6.216383057505312593e+01
1.652106140124927549e+02 1.529597849185395120e+01 6.194573378839590561e+01
1.652528961942172714e+02 1.533941979522184340e+01 6.201815313284821940e+01
1.655891525532873914e+02 1.555102872045849693e+01 6.236675896709382272e+01
1.662335436924464034e+02 1.573519705067937480e+01 6.295443525017708453e+01
1.669075455599201518e+02 1.600460750853242331e+01 6.364269431386438214e+01
1.674667895550260823e+02 1.626981937021057334e+01 6.420345321656256488e+01
1.680480455921179725e+02 1.656721295640414837e+01 6.476260544787172080e+01
1.685738521475948346e+02 1.680056346190997374e+01 6.526640640092729484e+01
1.689888756520059303e+02 1.714153841200334938e+01 6.575959978105480275e+01
1.693694635842616947e+02 1.737752269946551564e+01 6.619217592890720425e+01
1.697601857814411801e+02 1.756263925558632266e+01 6.661260061819821487e+01
1.702486895485865261e+02 1.783898512460557839e+01 6.715515970120419809e+01
1.707884168330220973e+02 1.815421791486895486e+01 6.769794094919183181e+01
1.708452830188679172e+02 1.823343421984673896e+01 6.769029396612789640e+01
1.688901619550518376e+02 1.725155354498036075e+01 6.570042662116040333e+01
1.653240244059501549e+02 1.552213439371498538e+01 6.220828932964131752e+01
1.627643103226221797e+02 1.428883701461781186e+01 5.975523536608925212e+01
1.617568194990018640e+02 1.384575149719878873e+01 5.886287912937085309e+01
1.614922145662953312e+02 1.373491209994204354e+01 5.863732049713439665e+01
1.615930340009015254e+02 1.377357363642217791e+01 5.874041309807456912e+01
1.621033002769012796e+02 1.400278672161761939e+01 5.920270622705905339e+01
1.630032133427780252e+02 1.437511591216433793e+01 6.004390495202524392e+01
1.642240759224676481e+02 1.495306362289909252e+01 6.114214695086612039e+01
1.655213262283469646e+02 1.537887500804945518e+01 6.243707418378517815e+01
1.664353065232790243e+02 1.583021443750402391e+01 6.336612306008113649e+01
1.669618053319595674e+02 1.605385407946422660e+01 6.382301339429454856e+01
1.669227751304011917e+02 1.602552321463069163e+01 6.373293837336596113e+01
1.664192784467769854e+02 1.570907495653293751e+01 6.323021443750402426e+01
1.658749919505441426e+02 1.559648560757292834e+01 6.264200689033421554e+01
1.655288267113143093e+02 1.544536995299117699e+01 6.232903116749307770e+01
1.654475449159636753e+02 1.550530620130079207e+01 6.231062850151329968e+01
1.656878340524180544e+02 1.569776064138064342e+01 6.255509047588382998e+01
1.662290698048811919e+02 1.595104481937021035e+01 6.310165335823297994e+01
1.669384522506278472e+02 1.620662309227896358e+01 6.375542211346513000e+01
1.675729280700624599e+02 1.646563204327387453e+01 6.436768304462619028e+01
1.681489278124798830e+02 1.669672870113980423e+01 6.492626215467834072e+01
1.687030942108313525e+02 1.693627084809066830e+01 6.542967834374395864e+01
1.691541921566102076e+02 1.715893650589220343e+01 6.589114076888402849e+01
1.695303400090153900e+02 1.742073056861356051e+01 6.626842037478266434e+01
1.698592327258677415e+02 1.764584648077789808e+01 6.661094725996522925e+01
1.702594452315023545e+02 1.786612306008114004e+01 6.704215500032198349e+01
1.706055975916028160e+02 1.803749436538090123e+01 6.739376167171099041e+01
1.698396290810741220e+02 1.766806941850730794e+01 6.661033711121127965e+01
1.668171936377100906e+02 1.627441721939596775e+01 6.357950125571511535e+01
1.635655917959945782e+02 1.489796670745057661e+01 6.049628598106767896e+01
1.618738054607508445e+02 1.411887275420181531e+01 5.895317631528108393e+01
1.612502366540021796e+02 1.387322268014682258e+01 5.836991918346319608e+01
1.611278978041084429e+02 1.380094983579110135e+01 5.827225030587932508e+01
1.614237265760834532e+02 1.383226382896516249e+01 5.858695827162083702e+01
1.620781569965870403e+02 1.406023085839397169e+01 5.917155322300212816e+01
1.630742723291905349e+02 1.442085131045141289e+01 6.011773939081717799e+01
1.642870500354175931e+02 1.495150846802756206e+01 6.125267241934444939e+01
1.653008017258033249e+02 1.540829576920600097e+01 6.226432320175155866e+01
1.658870242771588721e+02 1.568031425075664842e+01 6.274448290295575958e+01
1.659952395518062929e+02 1.570538669585936020e+01 6.286981937021057121e+01
1.656617988923948701e+02 1.551617618648979402e+01 6.249082201043209750e+01
1.651340942752269996e+02 1.523976431193251280e+01 6.194822107025564861e+01
1.647638772618971075e+02 1.507357685620451981e+01 6.153635939210509065e+01
1.647160860325842009e+02 1.511659153841200265e+01 6.156946036447936166e+01
1.649977091248631496e+02 1.531826582523021507e+01 6.189440079850601961e+01
1.654803947453152091e+02 1.562897804108442301e+01 6.241763152810869997e+01
1.660772989245926965e+02 1.591145115590186165e+01 6.295813799987120518e+01
1.666589204069804850e+02 1.619706999806813030e+01 6.350401828836371010e+01
1.672758001159121761e+02 1.641053512782535861e+01 6.408686811771524106e+01
1.676997472470860941e+02 1.658119325133620947e+01 6.451455663597140244e+01
1.680254459398544782e+02 1.673274196664305435e+01 6.486588640607894263e+01
1.683938759739841657e+02 1.698205454311288420e+01 6.520789168652198953e+01
1.688389545366733273e+02 1.718567840813960856e+01 6.565913130272393516e+01
1.692774309356687468e+02 1.740571994333183170e+01 6.603101455341618475e+01
1.696324956532938302e+02 1.765541245411810323e+01 6.637345933414901822e+01
1.695959334149011397e+02 1.765817341747697711e+01 6.637468929100393211e+01
1.677414675767918197e+02 1.673073604224354582e+01 6.458406690707708719e+01
1.645078643183720715e+02 1.519413516646274687e+01 6.142682078691480285e+01
1.622204665464614664e+02 1.404689130014810949e+01 5.950456565136196474e+01
1.611187858200785570e+02 1.357634264923691170e+01 5.853749597527207271e+01
