1.609936239894508390e+02 1.373720330523513766e+01 5.819002791333925018e+01
1.605792664892043717e+02 1.376790951888001580e+01 5.812113341713497050e+01
1.605424430641822084e+02 1.388016057872424369e+01 5.821034210785763463e+01
1.612229246771172200e+02 1.427184850389431148e+01 5.883079925810903887e+01
1.622344381593217122e+02 1.443058174356699119e+01 5.930667701863354324e+01
1.628105281967859526e+02 1.464665132357290744e+01 5.973478476535541404e+01
1.634511917085674781e+02 1.495737824115153281e+01 6.024128709454796393e+01
1.640374165064576459e+02 1.526066314206842200e+01 6.072133028936212185e+01
1.646240110174504707e+02 1.551887077294686001e+01 6.115342169476486589e+01
1.651063849452824570e+02 1.570723343685300222e+01 6.145790200138026194e+01
1.655562487676230035e+02 1.592565839741693701e+01 6.178680339889579187e+01
1.659360889283249492e+02 1.605513808784383301e+01 6.204938904909789699e+01
1.662002150497880280e+02 1.616605355910479958e+01 6.226500881149561195e+01
1.663482574189095828e+02 1.627883916247658647e+01 6.242883022774326918e+01
1.666263787217785648e+02 1.650476775855269551e+01 6.269133577343981045e+01
1.668899841639554325e+02 1.663878721778566572e+01 6.298089661589273192e+01
1.670146883934733353e+02 1.673171152518978744e+01 6.309599138568470522e+01
1.672015490979000276e+02 1.680406437937493891e+01 6.323878690969141303e+01
1.675138642413487275e+02 1.699544174553879472e+01 6.352724785566400811e+01
1.679295958419599799e+02 1.719508219954648354e+01 6.388620230700976066e+01
1.678746395297249308e+02 1.715761485753721871e+01 6.379110131371388803e+01
1.655353137631864229e+02 1.600522373804594167e+01 6.159186138223405038e+01
1.617662196219067425e+02 1.423707852706299981e+01 5.816191431282658186e+01
1.583907420758158366e+02 1.285247831016464559e+01 5.532553854875283150e+01
1.569583795474711678e+02 1.224667566301883070e+01 5.413907682638272689e+01
1.567378518436360082e+02 1.218987694715567471e+01 5.390843746919057367e+01
1.569684942817706883e+02 1.227178380410135006e+01 5.417548894557823047e+01
1.575786318150448722e+02 1.251725481859410394e+01 5.468778960859706473e+01
1.587879187000887384e+02 1.272688985014295504e+01 5.579057293207137747e+01
1.601544384057970944e+02 1.314578865966676524e+01 5.695316659272404536e+01
1.613408107808340617e+02 1.352217508380163657e+01 5.800291611209701159e+01
1.621252048826777070e+02 1.386867790594498651e+01 5.872964883417134985e+01
1.624341340702947889e+02 1.405624414620920781e+01 5.893050472000394535e+01
1.621328995366262404e+02 1.399890934634723472e+01 5.863478815439219005e+01
1.616073153899240822e+02 1.382147016415261831e+01 5.821556122448979664e+01
1.612340792295179028e+02 1.367696163610371762e+01 5.790245427881297502e+01
1.611326068470866630e+02 1.363598510056196389e+01 5.783660067287785012e+01
1.613863394089519829e+02 1.381090715271615821e+01 5.799069093216996862e+01
1.618989882184758073e+02 1.410384162723060264e+01 5.844520389677609984e+01
1.626588133441782418e+02 1.440187506161885089e+01 5.909803559104800996e+01
1.634710884353741562e+02 1.475535467810312618e+01 5.981190075667948491e+01
1.642911906610470396e+02 1.515473417627920760e+01 6.054417301340826185e+01
1.650175012939958492e+02 1.555295369959578089e+01 6.120415711574484874e+01
1.656499402297150709e+02 1.593528172138420551e+01 6.177550404219658731e+01
1.661012921472936910e+02 1.618712566548358467e+01 6.219476024105293988e+01
1.665207393645864045e+02 1.636016680222813591e+01 6.248403763679385037e+01
1.668761384082618520e+02 1.643189268461007657e+01 6.272474859509021172e+01
1.671639184659370869e+02 1.652405137779749467e+01 6.282832063985014059e+01
1.673981086093857868e+02 1.671667652568273610e+01 6.305734096174701619e+01
1.676000828773538274e+02 1.692947106378783317e+01 6.333014301735186535e+01
1.678556794094449458e+02 1.708160800552104774e+01 6.363739771270827106e+01
1.682107487922705218e+02 1.732891680222813591e+01 6.400308864487824678e+01
1.685806544538104959e+02 1.762561926944690782e+01 6.438193828255940332e+01
1.689132529823523612e+02 1.780282430000985983e+01 6.469781037414965397e+01
1.692268436360051282e+02 1.799963644878241098e+01 6.503966713496993179e+01
1.696698800897170543e+02 1.828866428817903866e+01 6.543029367544119168e+01
1.699685790076900389e+02 1.842179335502316917e+01 6.570555124223602661e+01
1.690935620625061517e+02 1.798712936261460982e+01 6.487862935029083644e+01
1.655436122818692581e+02 1.622115621610963387e+01 6.163024222370107452e+01
1.617545859829438939e+02 1.439474730109435008e+01 5.806529903628118205e+01
1.588325954475993171e+02 1.311543367346938815e+01 5.554124611801242395e+01
1.577443187419895594e+02 1.262450088731144682e+01 5.463282097259193648e+01
1.577982752883762316e+02 1.256157417677215804e+01 5.472976899092970626e+01
1.583674963644878346e+02 1.267276693286010136e+01 5.531177443803608185e+01
1.593423512520950283e+02 1.298951863354037251e+01 5.609145315734989623e+01
1.605441160159716105e+02 1.346286385931183993e+01 5.710367063492063266e+01
1.620300468919451760e+02 1.398634372227151701e+01 5.825876220053238796e+01
1.631277081484767848e+02 1.444823092280390497e+01 5.925747898797200008e+01
1.636416216849058571e+02 1.472329593069111731e+01 5.988328927585526884e+01
1.638767592181800126e+02 1.487414041703637935e+01 6.013428750123237876e+01
1.636767028369318666e+02 1.476792800453514687e+01 5.990871629448881208e+01
1.630953644138814980e+02 1.449602250320418051e+01 5.935196995464852421e+01
1.626418050009858973e+02 1.421703391501528202e+01 5.883587202997141219e+01
1.625187074829931930e+02 1.416346556738637474e+01 5.870593173863748149e+01
1.627705806960465225e+02 1.426548481711525262e+01 5.888332008528048789e+01
1.633165498989450839e+02 1.452782091097308559e+01 5.933090555062604921e+01
1.639915443532485426e+02 1.481752501725327775e+01 5.994982531055900665e+01
1.646374362244897895e+02 1.514970299714088497e+01 6.062728914029379723e+01
1.653480078625653107e+02 1.546295166617371564e+01 6.125843099921127788e+01
1.660065300576752350e+02 1.576093426501035211e+01 6.185583807798481359e+01
1.664893984767820143e+02 1.600900097357783736e+01 6.227123077491866354e+01
1.668572522306023984e+02 1.623572291235334575e+01 6.268745994774721453e+01
1.671529842009267384e+02 1.647477016168786434e+01 6.290694013112491234e+01
1.674060143078970668e+02 1.673130792171941295e+01 6.315654423001084439e+01
1.677442509612540675e+02 1.694685220102533663e+01 6.346540871783496129e+01
1.679892659962535788e+02 1.707246993000098456e+01 6.365544587400177790e+01
1.681848704155575263e+02 1.711249907571724194e+01 6.379422538943113352e+01
1.682770152445035876e+02 1.715913222172927277e+01 6.385446705856255534e+01
1.684112811791383137e+02 1.728408908853396397e+01 6.398386202307009540e+01
1.686989996179631248e+02 1.748750523760228859e+01 6.430553552942916440e+01
1.689484619934930549e+02 1.770769711870255492e+01 6.472179859262546131e+01
1.692940651804200058e+02 1.796112620772946755e+01 6.508635419747609774e+01
1.695306214877255115e+02 1.808617088139603624e+01 6.522475629744651826e+01
1.679851221285615566e+02 1.721996081041111992e+01 6.382768134427684004e+01
1.642469544883170727e+02 1.537886504239376961e+01 6.032674627822143520e+01
1.606945568988464856e+02 1.377156967859607661e+01 5.719287316375825725e+01
1.584821628832692397e+02 1.283856785467810369e+01 5.530086019915212603e+01
1.580210120279996033e+02 1.250670875234151680e+01 5.490587566548358467e+01
1.582019249728876957e+02 1.246130182145321896e+01 5.511652432712214988e+01
1.588395291087449550e+02 1.266357340037464319e+01 5.564253672483486213e+01
1.599912840136054513e+02 1.307780150103519645e+01 5.661248675194715219e+01
1.614743773415163162e+02 1.367118486887508588e+01 5.788545671891944977e+01
1.629290073819382769e+02 1.433374155821748985e+01 5.923136954056985104e+01
1.639438744700778727e+02 1.486838675687666367e+01 6.016128271960958074e+01
1.643175157744257149e+02 1.505598996845114890e+01 6.052614795918367463e+01
1.641385838755792292e+02 1.497231002908409714e+01 6.029925502809819449e+01
1.635474449743665559e+02 1.469064872325741966e+01 5.976145340382529980e+01
1.629582979024943370e+02 1.439515398550724612e+01 5.914376139948733169e+01
1.625428451271812946e+02 1.422363791531105193e+01 5.869824170610272773e+01
1.625400091195898540e+02 1.421089051562653971e+01 5.865720971359558433e+01
1.628385185595977589e+02 1.436138377452430248e+01 5.892024055999210930e+01
1.633937829660849843e+02 1.460344110470275147e+01 5.943504294833875434e+01
1.642293684684018444e+02 1.492202134476979225e+01 6.011530735482598686e+01
1.649552739574090481e+02 1.525934295819777198e+01 6.081087172187715595e+01
1.656250939687469099e+02 1.556958154638667047e+01 6.141869546731736307e+01
1.663594997781721361e+02 1.588820337917775838e+01 6.205685109188603121e+01
1.670031240757172384e+02 1.619244029133392360e+01 6.256579814896973346e+01
1.673028212190673401e+02 1.653227441338854220e+01 6.292332920487035608e+01
1.675780495169082087e+02 1.682077079020013954e+01 6.316912988021295661e+01
1.679020121635610678e+02 1.706144015577245554e+01 6.343544963275164861e+01
1.682568859065365245e+02 1.721802751897860517e+01 6.367182570491964810e+01
1.682342271147589372e+02 1.732328946071181974e+01 6.375359545992309762e+01
1.683905402740806494e+02 1.739460711820960270e+01 6.400179464901903259e+01
1.686605217268066781e+02 1.753258558858325955e+01 6.434997042295178460e+01
1.689752939219166024e+02 1.769620212215320976e+01 6.465939102090111135e+01
1.693224267968056722e+02 1.785392943409247835e+01 6.500472924677117703e+01
1.697103667553978141e+02 1.801794340924775639e+01 6.532470207285813046e+01
1.692834898452134382e+02 1.788299504584442445e+01 6.484100642068420939e+01
1.661022410775904632e+02 1.633804563492063622e+01 6.193374741200828026e+01
1.623668062333629223e+02 1.449040440451542899e+01 5.847777870206053308e+01
1.594941970447599431e+02 1.325007702356304762e+01 5.602642370353938617e+01
1.583388713275165003e+02 1.280308463965296184e+01 5.507391027062999456e+01
1.584085653283052295e+02 1.266027217046238817e+01 5.507094640392389095e+01
1.589854240609287217e+02 1.278749507049196410e+01 5.561696798284530985e+01
1.600271169156068254e+02 1.309799553879522804e+01 5.647906037414966107e+01
1.613492001873213155e+02 1.355107124371487792e+01 5.754642518239180049e+01
1.627808248299319587e+02 1.417313972690525503e+01 5.878779238144532826e+01
1.640609995809918189e+02 1.473154977570738389e+01 5.991787131519274112e+01
1.646767305654145730e+02 1.506535911466035671e+01 6.053513198757764258e+01
1.646729579512964676e+02 1.504695048309178773e+01 6.050504042196588728e+01
1.642467711722370041e+02 1.486654589371980606e+01 6.011484983486148082e+01
1.637207880434782510e+02 1.461864709651976746e+01 5.967494515922310683e+01
1.631655036108646470e+02 1.439652346445824627e+01 5.916939638174110172e+01
1.629692860839988100e+02 1.436710046337375601e+01 5.899225142955732792e+01
1.632504498176081995e+02 1.454004763137138845e+01 5.918833185448092138e+01
1.638078092650103486e+02 1.484191837967070882e+01 5.967889954895001381e+01
1.644002822143350215e+02 1.512187284334023474e+01 6.025735575027112390e+01
1.651570880163659751e+02 1.545991077590456442e+01 6.092687074829932214e+01
1.659213389160011900e+02 1.580797563590653709e+01 6.163695405698511109e+01
1.664716953810509779e+02 1.605545080350981024e+01 6.214413881494626679e+01
1.668973460761116030e+02 1.628749969190574731e+01 6.257068144286699862e+01
1.673318591023365798e+02 1.650488483436852860e+01 6.292313202454894849e+01
1.676426769077196184e+02 1.672649702997140864e+01 6.321049923592625674e+01
1.678456894533175614e+02 1.692808926106674505e+01 6.341526483781918699e+01
1.679714026915114005e+02 1.705556017696933679e+01 6.357895069259588183e+01
1.681343121487725512e+02 1.717183802868973785e+01 6.376545554816129169e+01
1.682724800971112984e+02 1.724382425071477698e+01 6.389308821354628520e+01
1.684735593512767480e+02 1.744441671596174714e+01 6.407808494774721453e+01
1.687738064428669986e+02 1.763350802277432550e+01 6.433191301883071844e+01
1.690374242088139738e+02 1.779638667061027135e+01 6.462129362614611239e+01
1.685857641969831491e+02 1.757057669082125528e+01 6.417371586315685761e+01
1.658909330942522047e+02 1.624796041605047847e+01 6.179640207532288088e+01
1.623664334393177455e+02 1.442002951542936096e+01 5.855674171842650111e+01
1.593486086463570928e+02 1.310678700828157339e+01 5.599021184560780995e+01
1.581573406536527671e+02 1.257172742285319877e+01 5.495659722222222143e+01
1.579974751676032838e+02 1.246729733560090736e+01 5.484349428177068120e+01
1.582997911120970116e+02 1.261996728039041749e+01 5.509816345016267292e+01
1.592671439046633282e+02 1.287680543231785535e+01 5.584429994824016319e+01
1.605850293921916716e+02 1.332661533816425070e+01 5.695062173420092932e+01
1.621857685103026654e+02 1.391410640343093696e+01 5.830163659666765597e+01
1.635103596692300130e+02 1.448887933796707017e+01 5.942102465986394577e+01
1.641750437493838035e+02 1.480730861185053726e+01 6.003520593019816687e+01
1.642910889899438018e+02 1.488493141821946253e+01 6.006213644878241098e+01
1.638800280981957940e+02 1.466613674455289384e+01 5.960064668983535796e+01
1.630251066006112524e+02 1.436488834664300462e+01 5.888992870699004101e+01
1.623524659863945487e+02 1.406717995169082158e+01 5.828985199152124608e+01
1.621826043823326415e+02 1.399445276298925300e+01 5.814517401163364241e+01
1.624638728679877886e+02 1.411273784876269310e+01 5.849051685891748065e+01
1.630648538400867551e+02 1.434169501133786895e+01 5.905711297200039667e+01
1.637572309720989949e+02 1.464082218032140403e+01 5.966724742433205364e+01
1.647169029749580886e+02 1.496344307650596406e+01 6.035098713398402737e+01
1.653069928152420403e+02 1.529119066104702718e+01 6.106340733757271266e+01
1.657836408113970208e+02 1.567753161047027533e+01 6.161207236517795849e+01
1.662599699300009775e+02 1.598762231341812168e+01 6.199368714877255115e+01
1.666100420240559856e+02 1.625903024253179652e+01 6.239173259883663292e+01
1.668935272478556726e+02 1.645173087350882213e+01 6.267375899635216285e+01
1.671471103840086698e+02 1.654296374346840182e+01 6.282377779010154484e+01
1.674157454648526198e+02 1.662868172631371522e+01 6.299145346544414537e+01
1.677621496968352517e+02 1.680164892043773861e+01 6.327145568372276330e+01
1.680962471039140382e+02 1.694900732031943136e+01 6.361989795918367463e+01
1.684041472567287769e+02 1.713915539041703795e+01 6.393266446071181974e+01
1.686668884945282514e+02 1.733296362023070003e+01 6.425105830375628102e+01
1.685107940821256136e+02 1.736167030217884388e+01 6.422901724095434872e+01
1.663375619269446872e+02 1.634373459528739048e+01 6.229985889283249634e+01
1.628786709430148960e+02 1.462410498619737709e+01 5.911545061865325579e+01
1.597970644779651082e+02 1.325902870206053485e+01 5.642222776791876271e+01
1.584125967415951948e+02 1.263785831361530043e+01 5.520462079759440144e+01
1.583548506359065300e+02 1.251371635610766120e+01 5.518168780193236955e+01
1.587293592255742851e+02 1.262241971063787815e+01 5.557330332495317293e+01
1.595536469116632077e+02 1.295222844572611720e+01 5.631955689884649274e+01
1.607443264443458588e+02 1.340646104456275189e+01 5.735201154737256957e+01
1.622225364783594728e+02 1.396909198461993462e+01 5.855329106280193230e+01
1.636305657226658639e+02 1.451061076604554856e+01 5.973000776397515210e+01
1.643469002637286849e+02 1.483150941536034750e+01 6.043772182786157998e+01
1.643803238686779196e+02 1.482910782066449684e+01 6.046893947796510105e+01
1.637903680493936633e+02 1.457045191264911743e+01 5.998510210243517804e+01
1.630142200902099887e+02 1.420857826826382642e+01 5.922183402346446002e+01
1.624359364216701067e+02 1.403493942867001820e+01 5.866586562161096197e+01
1.622545058784383230e+02 1.401624426944690960e+01 5.848396677511584585e+01
1.624973688750862664e+02 1.418810540520555996e+01 5.873173463225869995e+01
1.629946715099083008e+02 1.444199663561076541e+01 5.917888568470866772e+01
1.636745323129251801e+02 1.475855115596963429e+01 5.973700150349995397e+01
1.644338398402839516e+02 1.505905550626047606e+01 6.046395605343586510e+01
1.652338481588287493e+02 1.542214920388445165e+01 6.116497214827960249e+01
1.658489105787242295e+02 1.572926063541358488e+01 6.170227774080646554e+01
1.663053229443951579e+02 1.599261035936113551e+01 6.214748933993887192e+01
1.666958601375332876e+02 1.621576918811002699e+01 6.255837461796312482e+01
1.670364429286207155e+02 1.654480768756777920e+01 6.285758343192349429e+01
1.673679461820960341e+02 1.680514424972887610e+01 6.320500129399585632e+01
1.677074598861283619e+02 1.705018085132603645e+01 6.352292683377699234e+01
1.680201385807946508e+02 1.719331835995267710e+01 6.376868745686680739e+01
1.683342314280784819e+02 1.734047803904170237e+01 6.404772534013605423e+01
1.684736795080351044e+02 1.750012323770087619e+01 6.415026835009365413e+01
1.672975558882973530e+02 1.703069851128857337e+01 6.309530433550231976e+01
1.642777823991915511e+02 1.559629177758059804e+01 6.031844775953859994e+01
1.612050043749383690e+02 1.412099477472148301e+01 5.758440087991718315e+01
1.590118154145716289e+02 1.315794913980084857e+01 5.561354197476092054e+01
1.584758546534555990e+02 1.276702374790495931e+01 5.514606902543626177e+01
1.587342348171152651e+02 1.283235975549640173e+01 5.541167862072364869e+01
1.594495141353642964e+02 1.307910782066449684e+01 5.601501343290939872e+01
1.606208237824115201e+02 1.352474767080745366e+01 5.700406992507147663e+01
1.622094440131124884e+02 1.415900282214334993e+01 5.832309073991915938e+01
1.637782168120871518e+02 1.480621641772651031e+01 5.982248841565611741e+01
1.648587911613921051e+02 1.528421232623484194e+01 6.078061994725426587e+01
1.651849366558217582e+02 1.545132881050971108e+01 6.116970447599329930e+01
1.648111181972789154e+02 1.526954087794538140e+01 6.079991126885536801e+01
1.640686202923198209e+02 1.493594412402642213e+01 6.016503068618752081e+01
1.634660110420979890e+02 1.465546127871438387e+01 5.953387958444247374e+01
1.632620742137434604e+02 1.456140010351966829e+01 5.927889770038450479e+01
1.633566329611554693e+02 1.461387625702454862e+01 5.934753647835945856e+01
1.639373659790003046e+02 1.486145001478852379e+01 5.976162901754904766e+01
1.644395380434782510e+02 1.521658717834960051e+01 6.030485310066055149e+01
1.651168308809030805e+02 1.555472678201715553e+01 6.103828687272010001e+01
1.658474625357389414e+02 1.592311045795129587e+01 6.171589242581090673e+01
1.664264733067140014e+02 1.622991225475697519e+01 6.225643454845706515e+01
1.668141144138814980e+02 1.645146129103815369e+01 6.269327060534358509e+01
1.672371879005225139e+02 1.665701715468796351e+01 6.307211870255348174e+01
1.676012212856157078e+02 1.696098910578724173e+01 6.347633528048901042e+01
1.679123502661934424e+02 1.722388130977028453e+01 6.386471119244799155e+01
1.681428771689835457e+02 1.737049104061914662e+01 6.409932650596471149e+01
1.684152586759341546e+02 1.752158200236616281e+01 6.436134988415656721e+01
1.684984333407275869e+02 1.762777284826974267e+01 6.447403843783889954e+01
1.668781040495908599e+02 1.694909050576752563e+01 6.298138032386867735e+01
1.635518876934831951e+02 1.521424566203292983e+01 5.984218334072759404e+01
1.602468913289953605e+02 1.371092748693680363e+01 5.682459578034112013e+01
1.583370104382332784e+02 1.293933316080055285e+01 5.523804132160110214e+01
1.579938042245883878e+02 1.273877766686384660e+01 5.488423204426698021e+01
1.583734887976929997e+02 1.271919211525189830e+01 5.524621814305432110e+01
1.592626996450754291e+02 1.296649166913142004e+01 5.605731939514936357e+01
1.604748995612737872e+02 1.337086537513556195e+01 5.707544458000591447e+01
1.619476547865523059e+02 1.398244324903874514e+01 5.829813972690525503e+01
1.633482158261855375e+02 1.459643350093660708e+01 5.959585890515626261e+01
1.640989182810805573e+02 1.499660017992704297e+01 6.025724329586907402e+01
1.642852552252785188e+02 1.512703650300699998e+01 6.037497227151730073e+01
1.638925413462486347e+02 1.495816388149462739e+01 6.001457593907127830e+01
1.630962239968451115e+02 1.460712591195898646e+01 5.932266402937986527e+01
1.624619426574977865e+02 1.430855177215813789e+01 5.873386048259883552e+01
1.622407833604456187e+02 1.424054766834269969e+01 5.857218340234644671e+01
1.624003561569555245e+02 1.432791549590850799e+01 5.876540009119590025e+01
1.629136689095928148e+02 1.461706195159223043e+01 5.928290138519175656e+01
1.637393152913339236e+02 1.496717409790002939e+01 5.997421097062013473e+01
1.645696739746623223e+02 1.535470121019422329e+01 6.074691597653553998e+01
1.653024900177462371e+02 1.576806972789115591e+01 6.133986801242235742e+01
1.659584288425515126e+02 1.612007973479246914e+01 6.187497843340234738e+01
1.665828865966676631e+02 1.640666284629794092e+01 6.238113723750369388e+01
1.669915797840875484e+02 1.667376207729468618e+01 6.275287143843044646e+01
1.672454001528147387e+02 1.681898846495119670e+01 6.303157966084985020e+01
1.674347456373853902e+02 1.695062173420092577e+01 6.322050613723750701e+01
1.676811625012323645e+02 1.709135764813171576e+01 6.343969209060436043e+01
1.679304862343488196e+02 1.725470151828847420e+01 6.370053546781031173e+01
1.681701234841762869e+02 1.741534186138223461e+01 6.395033828748891125e+01
1.675731569801833700e+02 1.712244281770679422e+01 6.345739210539288422e+01
1.645967970521541872e+02 1.567744380360839962e+01 6.065472493345163940e+01
1.608855121758848554e+02 1.397959799861973806e+01 5.733384014837819365e+01
1.581806957384403063e+02 1.285114734299516925e+01 5.511313837129054605e+01
1.574300795499359253e+02 1.251430481612934997e+01 5.449288918465936860e+01
1.573854659617470304e+02 1.248043909592822587e+01 5.444990387459331771e+01
1.578005058907621105e+02 1.256097955486542439e+01 5.491278621956028871e+01
1.586964470570837022e+02 1.280775688898747866e+01 5.562860316227940416e+01
1.597667587868480723e+02 1.322725494183180572e+01 5.657157337572710532e+01
1.609873003549245709e+02 1.372107457113280127e+01 5.761627939219165739e+01
1.619693276767228554e+02 1.415056103963324396e+01 5.851654774228531863e+01
1.624445984915705310e+02 1.440069968204673145e+01 5.888750092428275451e+01
1.625302733412205498e+02 1.443000714778665028e+01 5.893245803756285284e+01
1.621866912525879911e+02 1.425259723454599303e+01 5.861982709750567011e+01
1.617236687247362852e+02 1.399377341516316697e+01 5.817459239130435122e+01
1.614774629054520290e+02 1.388944807995662067e+01 5.790532725771468137e+01
1.616175703071083376e+02 1.388651502267573612e+01 5.805493320516612243e+01
1.620538733609385815e+02 1.406866804692891648e+01 5.846471858671004895e+01
1.628156579660849843e+02 1.438958210095632495e+01 5.913186896135265869e+01
1.638636575101054973e+02 1.472363329389726871e+01 5.990062419895494372e+01
1.645941489820565948e+02 1.510719369269446943e+01 6.065349409691413030e+01
1.654180623336291092e+02 1.556144015577245376e+01 6.138150695060632955e+01
1.661578212806861927e+02 1.594000018485655090e+01 6.202154965246968032e+01
1.668426732105885719e+02 1.628379023710933637e+01 6.255202633589667727e+01
1.674060035245982476e+02 1.657546922754609042e+01 6.314478273193335411e+01
1.678612405106970300e+02 1.682168891107167497e+01 6.352454586907226997e+01
1.681047597481021398e+02 1.704357222961648333e+01 6.378943452380952550e+01
1.682668019200433775e+02 1.724823770087745345e+01 6.395200507739327378e+01
1.684596242482500372e+02 1.740523174849650090e+01 6.412511861628709653e+01
1.687159632874889041e+02 1.758699811446317796e+01 6.440866853987971297e+01
1.690173487873410352e+02 1.779259711130829302e+01 6.474524610568865057e+01
1.694657460810411180e+02 1.805811581879128624e+01 6.516690698018338423e+01
1.689259603297840897e+02 1.775617420881395958e+01 6.460770204821058371e+01
1.658113261608991422e+02 1.618237177117223524e+01 6.176247935768510189e+01
1.617884825125702548e+02 1.429903474070787794e+01 5.809331866804692623e+01
1.589426020408163254e+02 1.300135099329586907e+01 5.558474594547963932e+01
1.582586250985901586e+02 1.263941418958887830e+01 5.510223953711919620e+01
1.582490156388642504e+02 1.261436920782805871e+01 5.515709417825100758e+01
1.585965767647638813e+02 1.273703847481021434e+01 5.552899475007394159e+01
1.592140115104012636e+02 1.298464150152814689e+01 5.607355596223997196e+01
1.600212107487922708e+02 1.330400430099576070e+01 5.676661398254954349e+01
1.610891424504584393e+02 1.362050182391797293e+01 5.774412310213940458e+01
1.621424674036281317e+02 1.399300472000394358e+01 5.865540890269151220e+01
1.627455341738144625e+02 1.417069962042788056e+01 5.914608905156265450e+01
1.628511997190180409e+02 1.418481187764960971e+01 5.925097357783693042e+01
1.626653942374051098e+02 1.406314083604456222e+01 5.902804890071971045e+01
1.623859157793552299e+02 1.390702947845804971e+01 5.876699910036478514e+01
1.621886907842847165e+02 1.393235328551710595e+01 5.846581386177659567e+01
1.622983738785369212e+02 1.400022028739031832e+01 5.840881642512077576e+01
1.628046913511781497e+02 1.426639215468796174e+01 5.877993905895691285e+01
1.635622766316671459e+02 1.455889683772059584e+01 5.938467569999014017e+01
1.646310139998028319e+02 1.481756506950606322e+01 6.019066104702750408e+01
1.656059767203983029e+02 1.512041555752735889e+01 6.086453557872424369e+01
1.665145420487035324e+02 1.542945565907522365e+01 6.159440315981465375e+01
1.672857389332544642e+02 1.577139252440106532e+01 6.226279207335107913e+01
1.678957285812875853e+02 1.600791031992507030e+01 6.275871598639455584e+01
1.685703779700286020e+02 1.628252396973282146e+01 6.327816751700679987e+01
1.692888445233165839e+02 1.659539368283545357e+01 6.380938516711032094e+01
1.699745745218377238e+02 1.690112331164349868e+01 6.437483208863255868e+01
1.705270152445035876e+02 1.716561144385290305e+01 6.474720096371882505e+01
1.711188658434388117e+02 1.736859934191067723e+01 6.525331817509612620e+01
1.717776052449965505e+02 1.768067263137139022e+01 6.583974631519274112e+01
1.722313849452824570e+02 1.804223664103322378e+01 6.631481532830522951e+01
1.727089649265503226e+02 1.831521585083308779e+01 6.683432847776792585e+01
1.732149450359854086e+02 1.862123662870945395e+01 6.727420542492359345e+01
1.736581863723750416e+02 1.893170936853002218e+01 6.773689521098295074e+01
1.740993342083210109e+02 1.921734663068125926e+01 6.822647700384501945e+01
1.745644486961451207e+02 1.954332883515725072e+01 6.856889603667553956e+01
1.749560010598442261e+02 1.982702664399092995e+01 6.890744386522725051e+01
1.748372106994971773e+02 1.983596445824706578e+01 6.890377292221236871e+01
1.718898470620132173e+02 1.820061865325840600e+01 6.603175681504485794e+01
1.671382249457754199e+02 1.569807995662032951e+01 6.143124106526668982e+01
1.629658646973282146e+02 1.376750437493838142e+01 5.770857826826382819e+01
1.617353609016070095e+02 1.321050077639751485e+01 5.661869485112885769e+01
1.616394188110026562e+02 1.320505367001873154e+01 5.653815901360544416e+01
1.619915320294784635e+02 1.331569493739524823e+01 5.681788240658582367e+01
1.625106554397121101e+02 1.353794642857142883e+01 5.725027882529823842e+01
1.632732919254658270e+02 1.361602367396233859e+01 5.799603944838805347e+01
1.641061661983634110e+02 1.384353433402346489e+01 5.881294981760819951e+01
1.650819130188307327e+02 1.410692873163758243e+01 5.969047156906241014e+01
1.654124426944690924e+02 1.422664029379867934e+01 6.007758429458740324e+01
1.654438944962042797e+02 1.431425921818002500e+01 5.999784950211968493e+01
1.653032540914916808e+02 1.423546257271024373e+01 5.977173142807847483e+01
1.650875218746919018e+02 1.411371604801340851e+01 5.948647004091491652e+01
1.650091719658878162e+02 1.411463108794242416e+01 5.935884045647244278e+01
1.651089020753228738e+02 1.417650257566794814e+01 5.943196354628808109e+01
1.653908329636202268e+02 1.433301907719609503e+01 5.975968340234644671e+01
1.658506127994676262e+02 1.454849865670906084e+01 6.025587843833185531e+01
1.664508990190279007e+02 1.480814046633146042e+01 6.079250160209011256e+01
1.670904087178349471e+02 1.507125141723355988e+01 6.139902673025731872e+01
1.676977194863452496e+02 1.538093235482598864e+01 6.194043305728088455e+01
1.681726868283545286e+02 1.569633306221039071e+01 6.239528338509316541e+01
1.685691825643300774e+02 1.590695399536626198e+01 6.271580307847776936e+01
1.689032014073745529e+02 1.609977632357290744e+01 6.306441788671990878e+01
1.692025088114956191e+02 1.627572278911564752e+01 6.331700125702455040e+01
1.695443208986493175e+02 1.646163918465937215e+01 6.365664436064280807e+01
1.699201696983141119e+02 1.663540742383910143e+01 6.401781400966183355e+01
1.702236764270925846e+02 1.681455652913339094e+01 6.435033397416937362e+01
1.706380169821551931e+02 1.705251928670018557e+01 6.471996235088238336e+01
1.710648461377304557e+02 1.729907787390318319e+01 6.514806547619048160e+01
1.715062281253080982e+02 1.756055592526865894e+01 6.565356341812086782e+01
1.719849542171941152e+02 1.784604684265010377e+01 6.610989567928621113e+01
1.724753817287784727e+02 1.827898550724637516e+01 6.664390466331460061e+01
1.730108218106082916e+02 1.867242956965394995e+01 6.715914454549935897e+01
1.735149795425416528e+02 1.904176833776989142e+01 6.768503986739622746e+01
1.740269798136646102e+02 1.929844782115744906e+01 6.817565069506063935e+01
1.745256380631962827e+02 1.960722296164842859e+01 6.861483597062013473e+01
1.747038782904466245e+02 1.983403732869959413e+01 6.879599385043871962e+01
1.731247658483683267e+02 1.897465462634329114e+01 6.729662236271320808e+01
1.691053913413191481e+02 1.676184776446810432e+01 6.330376244700779154e+01
1.645407793552203373e+02 1.449991373360938596e+01 5.900268966282165195e+01
1.625463897515527947e+02 1.349262268313122348e+01 5.738119115399783254e+01
1.623391270457458404e+02 1.336376380262249874e+01 5.726018251503499812e+01
1.626315639480429809e+02 1.350630206792862076e+01 5.755600999457754341e+01
1.633257141624765723e+02 1.380633811495612662e+01 5.818834417825100758e+01
1.642702387114266003e+02 1.419183642659962530e+01 5.908319006950606678e+01
1.655249371487725512e+02 1.470369651483781936e+01 6.008471051464064061e+01
1.666649074484866446e+02 1.517249272897564794e+01 6.126935756186532700e+01
1.674282802795030989e+02 1.551334356206250575e+01 6.205965783052351270e+01
1.676761914004732432e+02 1.571025892240954391e+01 6.248726492408557931e+01
1.675514486591738148e+02 1.570326826382727070e+01 6.252181615399783254e+01
1.671901773390515586e+02 1.564160473972197529e+01 6.229611092625455626e+01
1.667655233288967622e+02 1.567652722320812408e+01 6.188260222567287627e+01
1.666008577343981187e+02 1.573174849650004958e+01 6.168602884994577806e+01
1.666936495612737872e+02 1.596215524253179474e+01 6.186931566104702540e+01
1.671611240510696916e+02 1.629295604111209528e+01 6.241123958641427549e+01
1.677675613723750416e+02 1.670359176279207247e+01 6.303765065808931922e+01
1.683830073696145178e+02 1.710637724292615758e+01 6.381600457211870037e+01
1.688387958444247374e+02 1.750465376367938575e+01 6.443722579611554124e+01
1.689904814280784819e+02 1.775421781031253232e+01 6.471075803509809532e+01
1.688937044020506733e+02 1.782223731884057827e+01 6.475378955930197833e+01
1.682800207039337579e+02 1.776449429409445102e+01 6.441219313812482028e+01
1.678439733683328541e+02 1.774379190081829805e+01 6.422969658878044186e+01
1.677787205461895041e+02 1.782200162673765220e+01 6.417419186877648940e+01
1.677959907694961998e+02 1.794362491373360768e+01 6.428009618702553496e+01
1.677473950630977129e+02 1.803028720546189589e+01 6.431704130927732876e+01
1.676541903899240822e+02 1.807000517598343592e+01 6.438828810509711786e+01
1.677713108794242203e+02 1.814202836931874074e+01 6.450066548358473995e+01
1.678492679680567790e+02 1.824886775362318758e+01 6.463241428817903511e+01
1.680121265897663534e+02 1.833998970965197728e+01 6.466705640589569271e+01
1.679601202799960618e+02 1.840457550773932738e+01 6.476294458000592158e+01
1.678909269323671367e+02 1.844239561766735847e+01 6.462363514246278839e+01
1.678131192694469007e+02 1.849099286453711954e+01 6.454680413832198838e+01
1.678501321724342006e+02 1.856878820368727290e+01 6.462255527210884054e+01
1.680461663832199406e+02 1.877790717736369785e+01 6.483363988711425918e+01
1.679275562580104406e+02 1.873465228482697498e+01 6.475066702405599983e+01
1.654863899364093527e+02 1.742985001971803172e+01 6.248700920585625340e+01
1.618971704623878622e+02 1.544526243468401816e+01 5.913285486295967530e+01
1.587268975524992527e+02 1.390025602632357327e+01 5.627542239721975648e+01
1.569958422680666388e+02 1.314190975303164777e+01 5.480880749038745847e+01
1.562583401114068806e+02 1.282506716454697759e+01 5.421349699300009917e+01
1.561556199472542517e+02 1.275042825101054866e+01 5.412767425810903887e+01
1.564213866706102749e+02 1.272000856502021016e+01 5.439692860839988242e+01
1.568019570146899468e+02 1.280150411613920980e+01 5.485007363452627516e+01
1.571442528098195908e+02 1.290656425613723712e+01 5.518369195504288882e+01
1.575295185103026654e+02 1.306702744503598623e+01 5.554867735137533202e+01
1.577797757690032654e+02 1.314045092674751025e+01 5.577431787932564333e+01
1.576232238366361003e+02 1.308089476732722112e+01 5.561600672877846563e+01
1.572875027728482564e+02 1.293460699497190092e+01 5.541875554569654128e+01
1.570493767253278179e+02 1.285671922754609042e+01 5.522182478063689359e+01
1.568121765010351965e+02 1.270897725032041770e+01 5.501889079907325453e+01
1.567455434166420218e+02 1.268318051858424589e+01 5.491719350783791498e+01
1.569591990781819959e+02 1.279699977817213785e+01 5.513036546140195071e+01
1.573409509637188251e+02 1.301630742876860936e+01 5.550584916937789615e+01
1.576829802573203096e+02 1.319695849354234518e+01 5.586758571182095778e+01
1.581242636547372626e+02 1.336500388198757783e+01 5.626663863008971589e+01
1.585484447402149328e+02 1.354986197377501789e+01 5.661456792862072263e+01
1.588905741644483953e+02 1.369010801784481934e+01 5.691582865030070337e+01
1.592246823548260011e+02 1.386100327812284405e+01 5.717170400769003180e+01
1.595389446539485334e+02 1.398610957063985083e+01 5.741044316277235282e+01
1.598208216257517620e+02 1.408245526471458220e+01 5.767900738193828403e+01
1.600734296435965689e+02 1.430033335798087357e+01 5.788413653504880330e+01
1.603128496869762500e+02 1.449009322932071342e+01 5.812961833284037994e+01
1.605293505989352241e+02 1.460350888543823267e+01 5.837732457113280304e+01
1.609142589100857776e+02 1.478740264221630696e+01 5.866037384156561529e+01
1.612150882998126917e+02 1.493499519372966589e+01 5.897859053041506172e+01
1.614055814354727261e+02 1.502097813763186451e+01 5.910581805185842796e+01
1.616675277901015590e+02 1.518339772503204266e+01 5.932043650793650613e+01
1.621018990929705126e+02 1.539368591639554396e+01 5.970952873903184610e+01
1.625660307601301326e+02 1.563054723701074700e+01 6.013161478359459977e+01
1.629993468401853534e+02 1.589481046041604984e+01 6.055605928965789531e+01
1.632928405057675150e+02 1.609228809277334094e+01 6.091644329833382443e+01
1.632620279996056354e+02 1.618684529971408992e+01 6.083571952331656973e+01
1.617472517992704297e+02 1.553990282707285786e+01 5.937416352410529186e+01
1.589591528640441709e+02 1.419939089766341311e+01 5.684798167455387841e+01
1.565650048062703377e+02 1.308407430000985983e+01 5.477257252538696974e+01
1.554158548383121285e+02 1.249243012422360266e+01 5.380882289510007155e+01
1.550270368111012544e+02 1.225300391895888730e+01 5.356575963718820788e+01
1.551542258207630880e+02 1.233551926205264770e+01 5.367833727693976442e+01
1.557190165015281593e+02 1.254249235926254613e+01 5.419065026372867777e+01
1.566711016834269969e+02 1.294105078625653071e+01 5.498300398057774174e+01
1.579238129128463015e+02 1.342403474070787794e+01 5.598882388100167873e+01
1.591794618209602561e+02 1.394883170659568172e+01 5.708901613181504331e+01
1.598159598984521210e+02 1.421234934191067723e+01 5.763788296115547638e+01
1.598236838213546207e+02 1.423230922803904086e+01 5.764704568421571196e+01
1.595299020876466614e+02 1.407969165927240418e+01 5.735882813270235658e+01
1.590663496376811565e+02 1.386401798038055766e+01 5.689633090555062722e+01
1.586514529724933311e+02 1.364262915311051927e+01 5.662561618850438805e+01
1.585027790101547964e+02 1.355502563344178313e+01 5.655610396332446044e+01
1.587589485975549621e+02 1.361856083012915342e+01 5.675817990239573874e+01
1.590907183525584117e+02 1.386458025239081060e+01 5.717347092822636512e+01
1.595797733042492439e+02 1.411626860889283286e+01 5.768674208813960291e+01
1.600741952578132725e+02 1.438146843882480574e+01 5.800001694518387296e+01
1.605680210489992987e+02 1.465901976732722112e+01 5.837486905994281727e+01
1.609195719954648496e+02 1.488948967268066603e+01 5.863756562407571948e+01
1.611479715074435433e+02 1.503011929409444924e+01 5.881069918909592786e+01
1.614561489450852889e+02 1.505570498126786916e+01 5.904284666765256873e+01
1.617280636892438110e+02 1.512419895494429589e+01 5.922171232623484372e+01
1.618277090727595464e+02 1.512291882332643134e+01 5.931690728827763337e+01
1.619983362910381572e+02 1.519357099723947613e+01 5.942199515675835642e+01
1.622366780045351504e+02 1.532231896381741088e+01 5.965234644582470480e+01
1.624654410677314331e+02 1.545306338114956191e+01 5.989902673025731872e+01
1.625311159790003046e+02 1.565515780587597305e+01 5.997225919353248713e+01
1.626962699028887016e+02 1.577223516218081478e+01 6.005129923346149923e+01
1.630667439983239717e+02 1.596966966134279886e+01 6.037436378536921922e+01
1.633507714680074798e+02 1.617016815784284844e+01 6.069314736764270890e+01
1.627903849945775505e+02 1.586460489993098655e+01 6.014762952282362107e+01
1.604749426944690924e+02 1.476567583555161178e+01 5.811936649659863718e+01
1.577290095385980351e+02 1.346387440845903605e+01 5.571165767031450144e+01
1.558198588312136508e+02 1.267978840086759362e+01 5.403598540865621658e+01
1.549630209873804461e+02 1.227058993887409954e+01 5.334570331755890749e+01
1.549000819530710942e+02 1.219274530464359607e+01 5.330727472148279844e+01
1.553480818051858421e+02 1.236560312530809469e+01 5.372942084442472321e+01
1.562325834319235014e+02 1.272611191215616699e+01 5.452623422557428512e+01
1.573538909223109670e+02 1.317615442916297042e+01 5.552248009711130550e+01
1.585425247091590393e+02 1.371854511732229120e+01 5.652932749186631156e+01
1.595505767524400937e+02 1.415218931775608802e+01 5.745882936507936734e+01
1.601328656462584945e+02 1.450191018436360046e+01 5.793780809425219047e+01
1.601747803287981924e+02 1.453330498866213105e+01 5.799655396578921085e+01
1.599314444074731227e+02 1.440560300207039290e+01 5.779892228630582451e+01
1.595274203884452220e+02 1.425203958394952153e+01 5.747655864882185028e+01
1.592878801883072128e+02 1.406492316129350328e+01 5.717940020210983221e+01
1.592657312925170174e+02 1.408796244947254195e+01 5.712537125357389556e+01
1.596005065069506088e+02 1.424365787981859377e+01 5.744213989943803256e+01
1.601949805284432671e+02 1.449957020851818967e+01 5.792813085379079041e+01
1.608966051094350860e+02 1.486463570935620560e+01 5.855841467021591029e+01
1.616051818372276330e+02 1.526570664497683083e+01 5.935565630237602619e+01
1.622122214827960249e+02 1.561369140047323256e+01 5.993242722813763379e+01
1.627741499679582091e+02 1.591117180567879252e+01 6.044827097505668689e+01
1.633557333259390703e+02 1.619420413092773359e+01 6.094102151730257333e+01
1.638218275534851500e+02 1.639954432860100653e+01 6.141256131075618896e+01
1.641595419870846797e+02 1.661883811495612662e+01 6.158471821699694715e+01
1.643933516341319034e+02 1.679271880853790933e+01 6.175880995514147997e+01
1.645694290397318298e+02 1.692207218032140403e+01 6.194683063442768400e+01
1.648406274647540215e+02 1.708455646751454182e+01 6.218358258158335872e+01
1.650805712683624051e+02 1.723033280341121909e+01 6.241814089766341311e+01
1.653095731046041692e+02 1.749217286552302042e+01 6.265091842896578811e+01
1.656145586857931562e+02 1.775123699842255576e+01 6.304642210144927361e+01
1.660749146578921511e+02 1.805171978211574313e+01 6.354608781918564375e+01
1.663783043108547872e+02 1.829751121463078078e+01 6.388713429212264572e+01
1.649010247214827984e+02 1.754137705806960312e+01 6.261027155427388635e+01
1.614658631568569547e+02 1.586005434782608781e+01 5.926167677215813967e+01
1.582022654170363865e+02 1.421930456965394818e+01 5.613691554520358551e+01
1.562652213965296255e+02 1.331238600512668846e+01 5.441880638124815306e+01
1.555973624051069635e+02 1.300723867445528903e+01 5.385605528443261392e+01
1.555725500345065484e+02 1.302191782510105433e+01 5.386618388297348048e+01
1.560724591467021583e+02 1.325116305580203147e+01 5.429542079512964392e+01
1.570920508601991514e+02 1.325417313664596186e+01 5.522778332347431984e+01
1.582719840653652739e+02 1.351933137385388939e+01 5.630968401853495209e+01
1.596534032091097401e+02 1.393333148476781957e+01 5.740279934437543119e+01
1.604791389381839792e+02 1.428462209159025953e+01 5.823264659124519227e+01
1.608235390170561061e+02 1.465950655624568633e+01 5.854418841812087493e+01
1.607088185817805481e+02 1.465542584787538161e+01 5.841225013556147161e+01
1.603197340530415147e+02 1.453606089174800431e+01 5.796274062161096197e+01
1.600561455560485058e+02 1.438030076160899107e+01 5.773745440205067325e+01
1.599058171275756592e+02 1.430095878931282627e+01 5.758666229172828821e+01
1.600310220102533663e+02 1.441406943212067482e+01 5.767369891797298465e+01
1.603640333850931654e+02 1.464857845312037909e+01 5.800738347875382317e+01
1.608681217958197749e+02 1.490732216799763421e+01 5.844935392635314741e+01
1.615429144483880464e+02 1.523285609533668605e+01 5.910950285911466295e+01
1.622833974169377882e+02 1.561913080449571112e+01 5.981622639998028035e+01
1.629759424603174693e+02 1.596168847973972227e+01 6.041703329882678020e+01
1.634309298900719796e+02 1.616164010894212666e+01 6.085648507591442069e+01
1.637450119540569915e+02 1.633833216257517407e+01 6.121569678596075903e+01
1.640457011608991422e+02 1.648917048703539479e+01 6.147715635167110548e+01
1.644211109262545563e+02 1.665526255792171995e+01 6.178619645321897025e+01
1.645428482081238428e+02 1.670150288376219905e+01 6.191977533767130382e+01
1.645373071329981371e+02 1.672447901261953973e+01 6.186114038006506632e+01
1.647136448782411549e+02 1.686827276200335035e+01 6.197474397367642496e+01
1.649959716676525545e+02 1.707474674652469560e+01 6.222599945775411356e+01
1.653160769742679577e+02 1.725674572365177895e+01 6.259763968993394201e+01
1.656874537858621750e+02 1.750727564576555295e+01 6.298497270284925520e+01
1.657935968771566593e+02 1.767696471704623917e+01 6.317985310066055149e+01
1.641559634723454622e+02 1.693436051957014854e+01 6.174871370649709235e+01
1.609237050798580242e+02 1.528830535837523463e+01 5.873358935965690364e+01
1.577300832470669434e+02 1.372996000936606542e+01 5.585010444395149420e+01
1.560452790717736491e+02 1.291590875480627076e+01 5.449876454204870413e+01
1.554796781031253090e+02 1.259510561470965229e+01 5.401715160701962049e+01
1.555558451641526290e+02 1.257971014492753703e+01 5.406970016267376167e+01
1.561116579784087435e+02 1.280749192793059166e+01 5.454676870748298967e+01
1.570552120304643609e+02 1.314991712264616019e+01 5.527912106871734466e+01
1.582688584491767756e+02 1.352796879621413773e+01 5.637340099083111511e+01
1.594112164793453701e+02 1.398967884255151262e+01 5.740039620920832419e+01
1.602073150818298473e+02 1.436850691363502008e+01 5.810758651286601406e+01
1.605350241545893653e+02 1.449099440500837943e+01 5.838022527851720156e+01
1.604547024425712323e+02 1.443895882628413752e+01 5.829631734940353027e+01
1.600978168441289426e+02 1.424777555949916241e+01 5.796299788031154776e+01
1.596731998052844403e+02 1.405772145814847640e+01 5.753016396776101971e+01
1.595295185103026654e+02 1.398628826530612201e+01 5.741190352952775555e+01
1.596416201444345973e+02 1.403306159420289845e+01 5.754463977620033432e+01
1.601062047101449366e+02 1.430080474218672926e+01 5.792271455683722792e+01
1.606339794069801883e+02 1.460861246672582148e+01 5.832507794784580568e+01
1.612635915779355287e+02 1.495861061816030713e+01 5.886581416987084481e+01
1.620122621512373087e+02 1.533938738538893887e+01 5.947438966528640236e+01
1.626367137434683912e+02 1.566520784038253034e+01 6.006211796312727813e+01
1.630924991373360911e+02 1.586395944247264111e+01 6.046409777679187414e+01
1.634013374371487828e+02 1.606447026274277690e+01 6.070049695602878614e+01
1.636900340752243039e+02 1.619090136054421691e+01 6.094042073351079836e+01
1.639649850882381941e+02 1.630970866607512448e+01 6.117946028048901042e+01
1.641199873065168049e+02 1.640520093907128185e+01 6.132512262151237081e+01
1.642519332914325219e+02 1.647888476042590966e+01 6.144980836537513369e+01
1.644093833185447977e+02 1.657323092280390497e+01 6.162592120181405875e+01
1.647496518534950098e+02 1.687133521887015775e+01 6.184769822784186033e+01
1.650939317756087803e+02 1.712147848269742667e+01 6.217937709504091259e+01
1.652415859459725880e+02 1.725745434043182414e+01 6.230579278812974309e+01
1.639817238489598878e+02 1.664420967662427131e+01 6.119528092033915101e+01
1.610694336611456094e+02 1.511553996598639493e+01 5.859591128117914138e+01
1.579627529453810553e+02 1.367183494774721453e+01 5.590496370649709235e+01
1.561445069875776426e+02 1.285454716306812628e+01 5.439995409395642412e+01
1.554237204845706515e+02 1.251418465937099533e+01 5.380181683180518348e+01
1.554630656610470396e+02 1.254740030069999079e+01 5.384225266193433868e+01
1.560732586512866078e+02 1.272832094794439506e+01 5.445539257369614461e+01
1.570206746647934608e+02 1.304309468352558454e+01 5.527462905452036068e+01
1.581718950261263785e+02 1.351407990732524844e+01 5.629107974711623541e+01
1.595638278862269601e+02 1.406604616484274928e+01 5.747059548457063727e+01
1.604956851399980167e+02 1.452967101695750785e+01 5.830837307749186493e+01
1.608338786601597121e+02 1.470336223257418951e+01 5.847001010549147537e+01
1.606488280094646655e+02 1.457725155279503149e+01 5.815848060238587891e+01
1.601288819875776426e+02 1.433392179335502270e+01 5.766146141427585547e+01
1.596848996845114925e+02 1.412894514689933878e+01 5.720690069506063224e+01
1.594792467711722281e+02 1.404444413635019195e+01 5.698814299270432571e+01
1.595810626786946784e+02 1.413398402839396617e+01 5.715515472493345328e+01
1.599911345878931286e+02 1.431971094597259153e+01 5.758774524302474873e+01
1.606039124889086054e+02 1.459196921522232060e+01 5.819475099822538056e+01
1.612736986098787213e+02 1.493394151138716275e+01 5.875670567139899703e+01
1.619928722394755027e+02 1.532271486493148061e+01 5.942586944197969245e+01
1.626454143251503410e+02 1.559383010450557094e+01 6.006277728482697142e+01
1.630891439909296992e+02 1.579270956571034290e+01 6.041722739820566090e+01
1.633490754091491794e+02 1.581262169722961630e+01 6.046987454402050588e+01
1.635867085058661132e+02 1.594027284826974267e+01 6.064894508528048789e+01
1.638764203145026102e+02 1.619758854628808109e+01 6.101320183870650027e+01
1.640450772700384618e+02 1.632472517992704297e+01 6.131327177610174317e+01
1.642753653997831123e+02 1.651325113378684861e+01 6.156960465345558475e+01
1.645422535862171003e+02 1.663857617322291205e+01 6.183941511387163814e+01
1.648807012841368476e+02 1.681384945282460919e+01 6.212627551020408134e+01
1.653239857537217858e+02 1.701102977422853257e+01 6.248004319481415791e+01
1.654477965099083008e+02 1.720374118850438805e+01 6.263545209750567011e+01
1.642106070689145270e+02 1.661909229271418553e+01 6.150888081681948449e+01
1.613094360026619256e+02 1.521748373262348331e+01 5.884422138420585924e+01
1.582810143078970668e+02 1.377573819382825526e+01 5.604456583357981003e+01
1.565044673666567974e+02 1.296117396233855779e+01 5.447550496647934182e+01
1.559916136744552944e+02 1.258794704475993242e+01 5.404092107857636051e+01
1.561667097998619624e+02 1.260264160011830903e+01 5.421435811643497971e+01
1.568349369639159931e+02 1.283357210637878332e+01 5.483046189490288924e+01
1.577944980528443182e+02 1.325035584886128426e+01 5.565731292517006779e+01
1.590270999704229382e+02 1.373134797397219842e+01 5.666267684610075861e+01
1.602704204870353806e+02 1.427697365177955291e+01 5.780376398747905142e+01
1.610105352829537537e+02 1.463889505077393238e+01 5.851974884156561529e+01
1.611681131691807138e+02 1.472029971408853477e+01 5.866917763482204151e+01
1.608826345755693694e+02 1.451561421670117369e+01 5.843670049541555755e+01
1.603952017401163346e+02 1.428202485704426650e+01 5.793785122744750282e+01
1.600362426673567882e+02 1.414750628512274488e+01 5.751476849797889912e+01
1.599040178571428612e+02 1.413362201764763881e+01 5.742322599329586552e+01
1.601714375061618796e+02 1.427435331016464559e+01 5.765863773045450102e+01
1.607040277161589188e+02 1.451683118899733849e+01 5.815946804446416252e+01
1.613341990781819959e+02 1.482471439662821666e+01 5.870892487429754425e+01
1.619629932588977681e+02 1.518964741693778997e+01 5.929878826530612201e+01
1.625350657473134106e+02 1.554998213053337253e+01 5.981933507098491276e+01
1.630888959750566869e+02 1.588666136744552837e+01 6.032736862861086280e+01
1.634779481538992343e+02 1.615848984521344889e+01 6.070515996253573832e+01
1.638342730208025273e+02 1.635770975056689380e+01 6.103041044316277208e+01
1.640813122350389506e+02 1.648972967810312440e+01 6.126163980084787397e+01
1.642686135142462831e+02 1.657983646357093477e+01 6.143284623632061425e+01
1.645330831608005440e+02 1.677278973183476296e+01 6.169842656265404912e+01
1.648849422015182995e+02 1.692743610125209486e+01 6.202108134920634797e+01
1.651693778960859618e+02 1.703483159568175154e+01 6.223575834319235156e+01
1.654544359410430729e+02 1.713048561816030713e+01 6.241277543626146240e+01
1.657545366878635491e+02 1.734740861924479916e+01 6.269034370994774719e+01
1.649860140614216562e+02 1.694073807059055525e+01 6.195868764172335830e+01
1.623088968377205958e+02 1.558219184412895508e+01 5.949730109435078163e+01
1.592877815981464948e+02 1.409884125751749906e+01 5.675316104702750408e+01
1.573479000295770618e+02 1.310941043083900226e+01 5.509822352854185112e+01
1.566524049837326231e+02 1.277754978803115371e+01 5.452133398649314699e+01
1.567091374593315720e+02 1.274993838114956191e+01 5.460553768608892966e+01
1.574120421719412377e+02 1.307854092724046069e+01 5.522805444641624462e+01
1.584510268781425566e+02 1.351091269841269771e+01 5.613218629843241558e+01
1.599702658237207800e+02 1.407211254066844042e+01 5.741493363649807691e+01
1.615249772010253366e+02 1.473968038302277428e+01 5.875659629793946692e+01
1.624493061717440696e+02 1.517848362170955312e+01 5.960721679976338550e+01
1.627159201542935989e+02 1.529084097407078779e+01 5.980771683673469141e+01
1.623986539362121562e+02 1.511086155476683501e+01 5.949016717194123771e+01
1.617129947993690280e+02 1.485947359016070202e+01 5.876269194271911545e+01
1.611756137237503594e+02 1.466581016464556875e+01 5.828158582273488975e+01
1.609967311199842186e+02 1.465332310460416032e+01 5.813663055802030755e+01
1.612230679409445031e+02 1.479315322143350109e+01 5.832636578181997322e+01
1.617019249728876957e+02 1.501461445085280566e+01 5.868232709750567011e+01
1.623439333160800686e+02 1.526988594350783757e+01 5.929936594202898448e+01
1.630869318741989673e+02 1.559978094498669066e+01 5.999981668391994560e+01
1.637296919673666480e+02 1.595061557231588267e+01 6.060301901557724591e+01
1.642876506580893192e+02 1.622007018387065003e+01 6.114013821108153479e+01
1.646393756778073509e+02 1.638590807699891627e+01 6.144861758109041006e+01
1.648322904342896607e+02 1.646350315488514227e+01 6.168680524746130089e+01
1.649676208345657074e+02 1.648808907621019415e+01 6.179151724095435583e+01
1.651134017918761572e+02 1.659727151730257333e+01 6.196285461648427173e+01
1.652376053682342558e+02 1.668730281967859597e+01 6.213243893571921461e+01
1.654758546534555990e+02 1.681532522429261434e+01 6.234417671053928700e+01
1.657136833900226804e+02 1.700580295524006758e+01 6.254996672582076656e+01
1.658104927659469467e+02 1.714354881445331813e+01 6.262135216405403071e+01
1.646258934733313595e+02 1.656793170166617202e+01 6.149210046337375246e+01
1.617617769027901033e+02 1.512186206004140843e+01 5.887462566548358467e+01
1.587753700211968919e+02 1.370338996105688700e+01 5.615725900867593623e+01
1.570032257468204762e+02 1.286050416543428909e+01 5.474452978655229884e+01
1.563563202454895134e+02 1.258900226757369545e+01 5.425801661244207708e+01
1.564369577541161505e+02 1.259196767475106071e+01 5.436614074977817523e+01
1.570600075174997414e+02 1.284477287291728231e+01 5.490946034210785598e+01
1.579826111604061794e+02 1.316206990042393699e+01 5.571484952676723168e+01
1.592665816326530717e+02 1.359612540668441305e+01 5.665452005077393238e+01
1.605641929779158090e+02 1.410860168342699339e+01 5.773093512767425750e+01
1.612427628660159655e+02 1.442877631124913762e+01 5.835273094745144107e+01
1.611496090283939679e+02 1.440290255594991642e+01 5.829779620181405875e+01
1.605000030809425198e+02 1.406955997978901785e+01 5.771190722665878070e+01
1.597701801735186962e+02 1.384964076210194150e+01 5.706010918860297920e+01
1.594090336315685761e+02 1.372608726461599105e+01 5.673740048555654170e+01
1.593538662747707804e+02 1.368372892635314919e+01 5.663747935768510189e+01
1.596331552548555521e+02 1.383457187222715135e+01 5.684920326826382819e+01
1.601612072365177823e+02 1.407950526224982823e+01 5.733540526717933261e+01
1.608207861949127562e+02 1.440364506309770221e+01 5.800147731193926859e+01
1.616181217958197749e+02 1.474469615744848738e+01 5.876702528837621742e+01
1.623360461032239073e+02 1.512613994873311718e+01 5.946914898205658773e+01
1.629870970127181238e+02 1.542451536774130005e+01 6.004742340776890330e+01
1.634714689317756040e+02 1.565140521788425509e+01 6.047778332347431984e+01
1.639593161539978325e+02 1.595940550133096636e+01 6.085683322241940374e+01
1.643458404195011440e+02 1.620899727644681221e+01 6.117316437444542743e+01
1.645561316918071668e+02 1.633455954845706515e+01 6.134825125702455040e+01
1.647192013580794594e+02 1.641363964063886272e+01 6.150264344868381983e+01
1.648551787562851132e+02 1.652160202849255555e+01 6.164939798383121428e+01
1.650603957162575171e+02 1.658956916099773338e+01 6.172435269397614377e+01
1.653442028985507193e+02 1.668108393719806770e+01 6.191954734792467718e+01
1.652548201345755672e+02 1.661642727743271308e+01 6.179850019718032428e+01
1.631197454525288322e+02 1.561278252242926179e+01 5.988494374198955228e+01
1.595760130139012176e+02 1.395473171152518965e+01 5.676040126195405833e+01
1.568938569087055157e+02 1.276834547224686922e+01 5.451637983091787731e+01
1.556606295597949270e+02 1.221100759144237458e+01 5.360998964803312816e+01
1.553004720003943646e+02 1.208988341713497050e+01 5.334731002908409891e+01
1.554626004387262128e+02 1.217863766883565013e+01 5.356130305383022971e+01
1.560116813935719335e+02 1.239002421620822325e+01 5.396287310213940458e+01
1.568285609533668605e+02 1.256711063048407695e+01 5.459369454303460856e+01
1.576993015503302900e+02 1.283726153504880152e+01 5.533870033520654630e+01
1.586309200310558936e+02 1.318532177363699098e+01 5.614656813812481317e+01
1.593243385216405272e+02 1.349862435916395498e+01 5.677922890170560777e+01
1.595593528172138349e+02 1.357679557330178532e+01 5.699691905747806686e+01
1.593632523661638629e+02 1.359794932465739947e+01 5.678093882480528265e+01
1.590301300773932667e+02 1.352327189933944673e+01 5.644590481119984560e+01
1.587743748767622947e+02 1.343815624075717174e+01 5.624000080104505628e+01
1.587188177807354919e+02 1.347186945430346050e+01 5.622576530612244738e+01
1.589525118924381388e+02 1.359835754954155540e+01 5.641910831361530398e+01
1.594476717317361647e+02 1.379411755644286686e+01 5.687012748940156115e+01
1.600012200532386828e+02 1.406595065562456881e+01 5.734864253672483159e+01
1.605711975007394301e+02 1.434487608449176754e+01 5.788249285221334617e+01
1.612355134082618520e+02 1.461374531696736589e+01 5.846602336586808946e+01
1.618155501330967070e+02 1.486197531548851458e+01 5.894887021837720908e+01
1.621423041136744416e+02 1.506312080991816948e+01 5.924016563146997782e+01
1.623802992211377330e+02 1.521232315389924139e+01 5.944518387064970710e+01
1.626617587252292196e+02 1.535172656018929338e+01 5.968900966183574752e+01
1.629597274598245065e+02 1.552583524351769739e+01 5.996621284383318340e+01
1.631720752612639274e+02 1.567969289164941316e+01 6.013999186631173899e+01
1.634083450409149236e+02 1.571228156117519426e+01 6.028465598195800368e+01
1.636586793231785464e+02 1.585487066203292983e+01 6.049667566301883426e+01
1.639909512718130600e+02 1.600630822981366563e+01 6.077062228877058203e+01
1.643747658483683267e+02 1.615677067928620758e+01 6.108929341664202184e+01
1.647914879720003967e+02 1.637752175145420352e+01 6.146521153751355371e+01
1.649450729567189171e+02 1.651923124322192749e+01 6.172042603273193606e+01
1.637976190476190368e+02 1.599713318298333853e+01 6.078396276989056446e+01
1.607154225820763145e+02 1.456139702257714674e+01 5.800601245933155781e+01
1.574553155501330934e+02 1.310390170560978085e+01 5.513440303657694841e+01
1.557049319727891259e+02 1.234162723060238598e+01 5.365960514640639190e+01
1.551494257123138993e+02 1.194161305826678543e+01 5.323716787439613540e+01
1.552388870403233625e+02 1.195145975056689380e+01 5.335200384501627013e+01
1.556825689514936357e+02 1.209926488711426629e+01 5.382020081583358007e+01
1.563723627132012268e+02 1.234541370896184631e+01 5.441015201370403531e+01
1.572067743764172292e+02 1.266325452282362285e+01 5.511132677708764760e+01
1.582590995637385447e+02 1.306501713004042209e+01 5.603297532781228085e+01
1.591134695726116490e+02 1.343348861283643814e+01 5.675014942571231558e+01
1.595177000147885167e+02 1.353087566548358467e+01 5.703999833629103478e+01
1.594569422877846705e+02 1.350349995070491893e+01 5.697531702898550776e+01
1.591488773045450102e+02 1.335112731686877652e+01 5.668372738588188753e+01
1.588202562727989857e+02 1.324327892388839523e+01 5.630484385783298507e+01
1.586511032855171095e+02 1.319450606329488274e+01 5.614615067041309260e+01
1.588105050897170543e+02 1.328380872276446745e+01 5.626264418811002344e+01
1.592875197180321436e+02 1.350760684708666126e+01 5.669180869811692958e+01
1.599754525904564844e+02 1.382675089963521664e+01 5.726997837178349471e+01
1.606510154786552391e+02 1.418539263531499550e+01 5.793493511535049123e+01
1.613974939613526658e+02 1.451089267228630497e+01 5.864191745538795431e+01
1.619998028196785924e+02 1.479368006260475177e+01 5.921559819580006234e+01
1.624314736764270890e+02 1.500138488366360967e+01 5.963573092280390142e+01
1.628051411687863492e+02 1.525576136251602044e+01 5.995686680469289342e+01
1.630241145371192033e+02 1.541648797200039489e+01 6.025687050182391857e+01
1.632025858350586702e+02 1.555476067238489613e+01 6.046980522281376125e+01
1.633929434092477493e+02 1.572973972197574710e+01 6.067928466676525545e+01
1.637103775386966333e+02 1.580672939465641313e+01 6.089112103174603163e+01
1.638018291555752626e+02 1.594761473429951693e+01 6.105798025732031675e+01
1.639688516711032378e+02 1.616168478260869534e+01 6.119006642512077576e+01
1.642047779256630236e+02 1.635069136350192309e+01 6.137282177363699276e+01
1.644235602755595096e+02 1.647934382086167915e+01 6.155670782805876229e+01
1.646312620156758442e+02 1.663988711426599565e+01 6.175484170117321980e+01
1.648359983486148224e+02 1.674575754214729528e+01 6.195076191708567137e+01
1.651449598861283619e+02 1.692118332840382422e+01 6.220490732524893929e+01
1.655903501799270430e+02 1.719713410726609482e+01 6.261890281474909159e+01
1.657280837153702180e+02 1.733121210440697979e+01 6.274547255496401732e+01
1.640083755422458864e+02 1.650925977274967948e+01 6.117700476929902464e+01
1.605415542122646286e+02 1.474882924184166377e+01 5.797361018682835265e+01
1.572916373977127193e+02 1.329648834171349669e+01 5.520246875924282648e+01
1.556968984151631616e+02 1.254310084541062764e+01 5.385434690180419892e+01
1.551981739253672572e+02 1.234072913585724152e+01 5.343701783249531445e+01
1.552443249038745989e+02 1.236076296460613300e+01 5.351493949028886732e+01
1.557082593907128114e+02 1.255306461352657088e+01 5.393630459430148960e+01
1.565860229961549805e+02 1.273887471655328874e+01 5.472628136399487175e+01
1.577173897638765538e+02 1.309140078132702278e+01 5.571652709997042052e+01
1.589582332027013649e+02 1.354432089864931399e+01 5.674737503697131302e+01
1.597559154096421139e+02 1.393249654934437487e+01 5.745932539682539897e+01
1.600682721458148592e+02 1.402501725327812210e+01 5.769400695060632955e+01
1.599030165508232244e+02 1.396919827713694140e+01 5.749068322981366208e+01
1.595268966282164911e+02 1.380277346445824627e+01 5.711994725426402653e+01
1.592179350907029516e+02 1.367667048703539301e+01 5.682258700581682120e+01
1.590867285319925202e+02 1.363944653948535901e+01 5.669085822734891167e+01
1.592481021394064840e+02 1.373438116188504310e+01 5.686430912944888405e+01
1.598126432638272831e+02 1.391745384748102055e+01 5.741892653800650947e+01
1.604911885043872530e+02 1.418784506556245617e+01 5.806547310953367003e+01
1.611581324558809172e+02 1.449395981218574470e+01 5.869859139307897067e+01
1.618615670906043533e+02 1.479199632751651450e+01 5.928144255890762082e+01
1.624693030291826972e+02 1.504065457704821007e+01 5.984502088879030168e+01
1.628734564477965137e+02 1.533777143103618279e+01 6.008223959873804887e+01
1.631619235556541412e+02 1.555443871389135424e+01 6.036339717046238462e+01
1.633620384748102197e+02 1.571274216208222363e+01 6.054642980380558015e+01
1.635827079020013741e+02 1.588760105491471997e+01 6.076437721827861793e+01
1.638129590604357588e+02 1.603635512175884870e+01 6.099784642117716515e+01
1.640143957039337579e+02 1.614214698560583727e+01 6.107215875480626721e+01
1.641818896036675426e+02 1.618683451641526005e+01 6.110252606477373405e+01
1.643594566449768308e+02 1.626311557231588267e+01 6.113601282904465961e+01
1.646425336438923352e+02 1.648031431775608624e+01 6.144871617125110674e+01
1.649301057379473434e+02 1.668691308044957111e+01 6.175063775510204067e+01
1.652767333382628294e+02 1.689718894804298444e+01 6.211631174208813633e+01
1.656560944124026378e+02 1.715361733461500648e+01 6.257634883663610026e+01
1.660368711796312766e+02 1.737439459479443826e+01 6.292407633343192686e+01
1.653301245316967254e+02 1.698496037907916900e+01 6.228011929409444747e+01
1.624785350734496774e+02 1.557550157744257113e+01 5.963924935916395498e+01
1.590814077442571204e+02 1.387882653061224403e+01 5.652858344424726766e+01
1.567413625776397623e+02 1.282712677462289186e+01 5.453241921768707812e+01
1.558090154540076924e+02 1.240432441092379001e+01 5.378474995070492071e+01
1.557408295745834437e+02 1.239484897219757542e+01 5.372758152173913260e+01
1.561826398131716473e+02 1.259357592674751025e+01 5.414292184265010377e+01
1.571935032165039843e+02 1.286992876860889368e+01 5.506702282362220302e+01
1.583751016711032378e+02 1.325835551611949192e+01 5.611170419254658270e+01
1.597808279108745069e+02 1.374983208863255513e+01 5.722316190969141303e+01
1.607971322587005716e+02 1.416027217046238817e+01 5.813381457655525963e+01
1.612112263383614277e+02 1.438001731489697299e+01 5.856802875135561237e+01
1.610900143571921603e+02 1.441580708370304720e+01 5.835247214827960249e+01
1.605832039337473987e+02 1.423822925909494153e+01 5.785261541210687142e+01
1.601108692571231416e+02 1.401339901902790075e+01 5.737028307699891627e+01
1.598995735975549621e+02 1.391615677067928658e+01 5.708645278763679443e+01
1.599961180124223574e+02 1.396835101794340872e+01 5.718348707236517470e+01
1.603875132480528407e+02 1.412240276545400697e+01 5.759803251010549019e+01
1.610467132505175982e+02 1.439209460958296383e+01 5.829684265010352107e+01
1.616954010770975003e+02 1.468191271073646931e+01 5.893526323572907444e+01
1.623162263999802803e+02 1.497345768017351908e+01 5.945696539485359011e+01
1.629608196539485334e+02 1.526486708813960291e+01 5.999756297446514708e+01
1.633855214187124147e+02 1.559369454303460500e+01 6.042340314749088037e+01
1.637492066573005900e+02 1.588906296214137903e+01 6.074406918564527302e+01
1.640677499260573882e+02 1.608958302523907946e+01 6.098855583900226662e+01
1.643822509982253735e+02 1.629606163117420792e+01 6.128656924726412569e+01
1.646424104061914591e+02 1.641960742630385539e+01 6.155513346643004979e+01
1.648185864019520750e+02 1.659422600561963890e+01 6.164092231095336416e+01
1.650004852484472053e+02 1.672093900966183710e+01 6.185657904466134482e+01
1.652043127033421968e+02 1.684394872079266392e+01 6.197553885684708774e+01
1.654115091688849475e+02 1.694609274869367965e+01 6.209799707926649148e+01
1.656095228852410628e+02 1.709828514739228922e+01 6.241585021689835600e+01
1.658945485803016879e+02 1.727865738686779196e+01 6.269044384057971087e+01
1.662630924652469560e+02 1.744485112885734068e+01 6.302782553238687058e+01
1.666195790816326507e+02 1.764438683081928261e+01 6.335865405944986861e+01
1.667016923617273108e+02 1.771251879374938554e+01 6.346328594843734550e+01
1.651144030981957940e+02 1.688448160061125947e+01 6.208824589618456002e+01
1.618695544340924641e+02 1.528683574879227081e+01 5.908477829537611825e+01
1.587863089076210201e+02 1.380638278862269530e+01 5.622504590604357588e+01
1.569697836562161228e+02 1.293736751947155739e+01 5.463266384452331437e+01
1.564491028295376225e+02 1.271324743665582169e+01 5.411225876220053266e+01
1.566161838829734734e+02 1.274301550330276989e+01 5.426268886177659567e+01
1.574431658532978417e+02 1.290136978704525283e+01 5.504548703539386878e+01
1.587225919353248571e+02 1.330819130188307220e+01 5.622168767869466421e+01
1.602238320146899468e+02 1.391589026915113791e+01 5.750283138617766099e+01
1.614273236468500556e+02 1.444252347678201787e+01 5.860610611998422570e+01
1.620663588805087159e+02 1.477330578970718733e+01 5.922431726313713796e+01
1.620864481662230219e+02 1.489923623434881250e+01 5.918542498521147621e+01
1.616730827294686037e+02 1.474512286798777438e+01 5.869520389677609984e+01
1.609818855984422896e+02 1.440908138617765921e+01 5.794477564576555295e+01
1.605079642364192125e+02 1.414366743074041288e+01 5.739868012422360266e+01
1.604719572611653291e+02 1.397437580104505628e+01 5.715886726067238754e+01
1.609266473799664823e+02 1.416746617125110852e+01 5.763292880558019959e+01
1.616423087350882497e+02 1.456391723356009038e+01 5.838923395445134901e+01
1.623571598023267200e+02 1.491688695405698439e+01 5.920904965246968032e+01
1.632166457162575171e+02 1.538173648082421430e+01 6.006949527999605465e+01
1.639656967859607732e+02 1.582733935965690542e+01 6.083526662476585045e+01
1.646120816080055249e+02 1.619533791777580589e+01 6.134939120575766225e+01
1.651618727201025365e+02 1.655895845657103393e+01 6.179834460958296205e+01
1.656156847702849291e+02 1.682559862713201326e+01 6.222664491521246077e+01
1.659268522626441893e+02 1.708297132258700657e+01 6.262043866459627139e+01
1.661870886941733261e+02 1.723624359163955333e+01 6.283987571477866396e+01
1.663761060583653659e+02 1.741804692891649253e+01 6.306561637336093895e+01
1.665215573548260011e+02 1.756102884994577451e+01 6.323445202356305117e+01
1.667350805358375112e+02 1.767105084787538161e+01 6.341241958740017992e+01
1.670133805333727821e+02 1.793255200630976987e+01 6.373498040520556174e+01
1.672737602287291736e+02 1.814012588731144504e+01 6.408983258158335161e+01
1.673216889110716750e+02 1.823080880903085799e+01 6.410093629843241558e+01
1.656734509020999724e+02 1.742614364586414410e+01 6.258538370058167999e+01
1.623683282189687418e+02 1.573974508281573570e+01 5.942252661934338676e+01
1.592969751306319495e+02 1.422546953564034311e+01 5.664058494774721453e+01
1.575110544217687050e+02 1.339579636202307000e+01 5.499511670610272773e+01
1.570300792418416620e+02 1.303118684067830024e+01 5.483803793256433323e+01
1.573026302006309720e+02 1.309654133392487374e+01 5.519011109878734089e+01
1.583205766908212695e+02 1.344098300552104952e+01 5.610609533668539939e+01
1.599189234570639826e+02 1.406082088632554417e+01 5.740497448979591866e+01
1.613895143202208544e+02 1.476919273144040190e+01 5.879457969782115612e+01
1.628274256260475283e+02 1.548881001676032731e+01 6.006962313911071760e+01
1.637604382332643240e+02 1.598568440057182372e+01 6.087243665582175112e+01
1.639288024992605699e+02 1.619165773193335411e+01 6.111815722665878070e+01
1.635452066696243776e+02 1.598201191708567492e+01 6.080006685645272313e+01
1.628915585255841449e+02 1.568792054865424390e+01 6.024110685941042931e+01
1.624344760549147111e+02 1.552306855713299782e+01 5.965751626737651492e+01
1.622132782460810461e+02 1.540112485211475857e+01 5.933695806221039248e+01
1.622822020112392920e+02 1.543590253130237677e+01 5.934028085872029834e+01
1.627166025830622118e+02 1.565353723010943554e+01 5.971401305087252354e+01
1.633025038819875761e+02 1.598169612047717614e+01 6.028493172631371522e+01
1.641105627033421968e+02 1.628372553731637495e+01 6.106687493838114733e+01
1.649113150695060597e+02 1.666066345016267292e+01 6.184437697180321436e+01
1.654339014591343755e+02 1.702704759440007720e+01 6.242722351621808485e+01
1.658301969338459969e+02 1.727995908508330913e+01 6.286771511140688062e+01
1.662923691215616770e+02 1.747693914522330516e+01 6.325103057527358885e+01
1.665882936507936449e+02 1.765492211377304699e+01 6.350716319136350307e+01
1.667270731662230219e+02 1.774273667800453680e+01 6.363872251799270430e+01
1.668562416814552023e+02 1.781923494035295263e+01 6.379137243665581991e+01
1.670187521566597582e+02 1.798232771369417193e+01 6.398461685398797272e+01
1.672375683969239901e+02 1.812066665434289803e+01 6.421040372670807983e+01
1.674562459947747186e+02 1.836685552844325997e+01 6.428458512027999916e+01
1.677947969042689635e+02 1.863547366410332273e+01 6.457009760425908951e+01
1.676900032657990778e+02 1.866157540914916524e+01 6.448436267622990670e+01
1.652837409420289987e+02 1.743709639652962551e+01 6.237238890121265911e+01
1.616581848319037817e+02 1.552042048703539301e+01 5.882516883565020294e+01
1.584928260253376777e+02 1.392523322734890989e+01 5.605242223701074522e+01
1.569012881420684096e+02 1.310314841516316697e+01 5.473116619836340391e+01
1.564731064527260287e+02 1.289558531746031811e+01 5.434700809671694799e+01
1.565993018584245249e+02 1.295745218377205887e+01 5.448986215863156701e+01
1.573191640786749588e+02 1.327644681060830045e+01 5.517165009119590025e+01
1.585457304298531085e+02 1.360714439761411754e+01 5.615743462239968409e+01
1.598710009366065208e+02 1.407545690377600245e+01 5.723145888790298841e+01
1.610886710662526013e+02 1.456390953120378562e+01 5.831842773341220720e+01
1.618413407029478321e+02 1.492783046189490292e+01 5.905734404268954307e+01
1.621138269619441985e+02 1.506097185250911963e+01 5.929934129448881208e+01
1.620359684634723578e+02 1.500604789017056184e+01 5.922137188208616720e+01
1.616029743419106808e+02 1.486009131913634995e+01 5.876002076555259634e+01
1.611622070023661593e+02 1.458459497929606563e+01 5.838462948585231516e+01
1.610219132036872622e+02 1.452334122054618959e+01 5.828483929803805808e+01
1.611839831041112063e+02 1.466159543527555975e+01 5.839833197771862672e+01
1.615963395321896883e+02 1.489180962239968409e+01 5.881990966676525545e+01
1.621390922310953329e+02 1.525822457606230920e+01 5.932784309375924181e+01
1.627361434610076003e+02 1.568144440747313340e+01 5.991195436507936734e+01
1.634502859114660396e+02 1.603838392240954391e+01 6.047397065710342190e+01
1.640327226905254747e+02 1.637604752045745826e+01 6.104695356403431106e+01
1.645677545474711678e+02 1.666299110223799573e+01 6.156457193384600401e+01
1.651557878586217214e+02 1.678964710884353906e+01 6.201057071379276664e+01
1.655449078181997322e+02 1.690788444000788715e+01 6.230841775115843717e+01
1.657406400966183639e+02 1.699951167061027135e+01 6.248428411219560275e+01
1.660068396923986995e+02 1.713316911909691242e+01 6.274480861185053726e+01
1.662941760943507745e+02 1.727239845213447822e+01 6.301612719363107828e+01
1.664709066597653475e+02 1.750800120772946755e+01 6.320740134822045064e+01
1.666271612811791272e+02 1.771075341368431566e+01 6.338996259735778693e+01
1.667100324731341914e+02 1.784051963176575129e+01 6.352486474662328675e+01
1.651500834935423541e+02 1.713744238637483974e+01 6.221826629202405456e+01
1.618639532805875945e+02 1.537403412451937257e+01 5.913895975056689025e+01
1.586800225524992527e+02 1.372512138913536361e+01 5.616143830720694297e+01
1.566853972567287769e+02 1.284067213842058486e+01 5.442300724637681242e+01
1.560169082125603950e+02 1.255622103914029353e+01 5.387952744503598268e+01
1.560295832100956375e+02 1.252099046140195249e+01 5.389037390318446086e+01
1.566742411638568342e+02 1.261516871241250115e+01 5.445288160554076740e+01
1.576116009809720993e+02 1.294811692793059166e+01 5.527212270777876313e+01
1.588323443507837851e+02 1.341398932761510387e+01 5.633839070048308884e+01
1.600259600216898264e+02 1.388907682638272689e+01 5.738660591048013515e+01
1.608158520654638721e+02 1.424601788179039730e+01 5.810622011485753546e+01
1.612163591886029792e+02 1.440917227398205647e+01 5.839019982993197289e+01
1.612582214951197841e+02 1.442781813812481495e+01 5.839041241496598644e+01
1.608569456768214536e+02 1.422988760721679924e+01 5.800533311150547178e+01
1.603593380286897343e+02 1.403798494035295263e+01 5.761916161392093017e+01
1.602350035122744885e+02 1.397475167603273150e+01 5.750538240658582367e+01
1.603841226708074430e+02 1.402873132948831625e+01 5.763341559449867191e+01
1.606886045178941060e+02 1.422517992704328194e+01 5.792895500591541236e+01
1.610887034161490590e+02 1.449364093463472258e+01 5.828637206694271811e+01
1.616128888149462739e+02 1.478363002809819626e+01 5.880164583949521528e+01
1.621990104012619440e+02 1.505407208173124367e+01 5.938066123188405498e+01
1.628191055407670262e+02 1.540487898057773819e+01 5.999703305235137663e+01
1.633719529478458128e+02 1.575775473232771340e+01 6.048524844720496674e+01
1.638412590579710013e+02 1.600505428620723691e+01 6.085887588731144859e+01
1.643297517376515771e+02 1.618307422606723733e+01 6.120551118998324114e+01
1.646509061051957019e+02 1.625607253771073601e+01 6.144709251454204946e+01
1.647759076456669618e+02 1.632979024943310620e+01 6.153510117815242353e+01
1.648558565636399464e+02 1.638677844326136324e+01 6.159661373607413992e+01
1.651793632307995665e+02 1.658737090850832985e+01 6.190059338952972467e+01
1.654773181011535144e+02 1.679568729665779259e+01 6.217608664842748567e+01
1.656632036872720164e+02 1.691531413289953534e+01 6.235462572710243734e+01
1.643544377896085962e+02 1.636718518929311017e+01 6.124987214088533705e+01
1.613013731760820235e+02 1.485840912451937257e+01 5.843281696736665509e+01
1.581242667356797824e+02 1.342675213201222562e+01 5.564969991619836520e+01
1.562132197081731135e+02 1.264933636498077441e+01 5.407943286010056028e+01
1.555599043059252722e+02 1.237047101449275388e+01 5.355092181800256412e+01
1.556922985679779288e+02 1.227403443261362526e+01 5.371018189884649274e+01
1.563422033668539939e+02 1.242652876367938397e+01 5.428578514739228922e+01
1.572846297939465501e+02 1.273651625505274509e+01 5.508533594597259508e+01
1.586237599206349103e+02 1.320759390712806791e+01 5.614598275904564417e+01
1.600017130040421875e+02 1.377039737996647872e+01 5.728920345312037909e+01
1.607911922015182995e+02 1.412140454007690060e+01 5.804943834417824888e+01
1.609372381198856488e+02 1.414395395839495251e+01 5.817661657054126323e+01
1.607099924208814059e+02 1.398171922754609042e+01 5.789394163462486631e+01
1.603129482771369396e+02 1.377928898008478775e+01 5.749098824312333278e+01
1.599079722468697753e+02 1.362513402099970428e+01 5.714363199990140885e+01
1.597496426106674505e+02 1.361204463669525744e+01 5.711193680370698900e+01
1.598431923494035232e+02 1.381131691807157580e+01 5.720965967908902883e+01
1.602326204032337671e+02 1.408790699250714695e+01 5.752557490387459183e+01
1.608315171177166576e+02 1.437077602780242458e+01 5.796926143645864471e+01
1.614328138864241282e+02 1.461962067435669965e+01 5.848105836537513369e+01
1.619787137681159379e+02 1.484727921965887809e+01 5.887902679187617139e+01
1.624190405328798192e+02 1.510001047520457540e+01 5.926889696095829407e+01
1.627080545080351044e+02 1.527494022971507448e+01 5.958219646554273652e+01
1.629479443951493636e+02 1.541682533520654630e+01 5.982782768904663584e+01
1.631994186261460982e+02 1.551368554668244037e+01 6.001126700680271853e+01
1.634118865843438755e+02 1.556344584935423470e+01 6.008330714532189631e+01
1.635096849428176995e+02 1.555548623434881250e+01 6.008131377551020336e+01
1.636235134452331579e+02 1.557154564724440426e+01 6.017031912402642035e+01
1.637630570344079786e+02 1.572756303608399797e+01 6.036910769742679861e+01
1.640193190500837943e+02 1.591490590801537941e+01 6.061505933895297460e+01
1.641586115424430545e+02 1.603032725771468137e+01 6.084024080646751287e+01
1.633192672902494280e+02 1.573435189293108571e+01 6.008164035541752668e+01
1.607223932145321896e+02 1.443948412698412653e+01 5.773527463521640612e+01
1.577511707581583380e+02 1.308925644533175614e+01 5.508456416987084481e+01
1.558819059326629315e+02 1.233834602681652370e+01 5.358909161490683459e+01
1.551431452109829365e+02 1.192197050921818047e+01 5.304683032633343487e+01
1.550799997535245893e+02 1.185593050626047606e+01 5.305819592329685719e+01
1.554892290249433131e+02 1.202475691363502008e+01 5.342077510351966652e+01
1.562794938627625072e+02 1.228836235581188951e+01 5.411578336044562576e+01
1.574254935669920030e+02 1.273293774031351688e+01 5.507348201961944056e+01
1.588528588065661040e+02 1.330474834861480815e+01 5.630703748890860538e+01
1.598597416321601088e+02 1.373070251651385121e+01 5.718435281721384200e+01
1.602310522034900941e+02 1.393379824755989382e+01 5.757993813467415833e+01
1.601718318668046948e+02 1.384017610667455322e+01 5.753039349797889912e+01
1.598060931800256412e+02 1.367002951542936096e+01 5.720351165828650153e+01
1.593745116706102749e+02 1.344929076703144943e+01 5.681626337129054605e+01
1.590824752908409607e+02 1.333336876417233618e+01 5.638921546879621616e+01
1.591639076826382677e+02 1.334675083801636575e+01 5.633820584393177455e+01
1.595324284605146374e+02 1.356216879867889169e+01 5.664796688602977071e+01
1.600385703194321252e+02 1.383891754165434307e+01 5.717278849945775221e+01
1.606506057132998251e+02 1.414581792862072440e+01 5.770793589174800076e+01
1.613078554791481736e+02 1.451284598984521423e+01 5.835153708222419056e+01
1.618636590505767572e+02 1.471465080597456421e+01 5.882809110963226118e+01
1.621020623829241742e+02 1.482643510302671785e+01 5.905702670560977907e+01
1.623175157744257149e+02 1.490646874691905666e+01 5.930082938972690698e+01
1.626090360963225976e+02 1.517353100660554155e+01 5.953592070886325871e+01
1.627638965912451852e+02 1.537334707433698178e+01 5.969360180666469518e+01
1.628160415434289519e+02 1.545053854875283506e+01 5.976630126688356626e+01
1.629630641205757797e+02 1.552692127575667946e+01 5.986049492260672622e+01
1.631896135265700423e+02 1.568100383269249676e+01 6.007985648969732750e+01
1.633869063023760191e+02 1.571110772207433648e+01 6.016404632505175698e+01
1.636983310534358793e+02 1.583087474120082838e+01 6.039319142512077576e+01
1.640367340776890330e+02 1.600560423444740366e+01 6.066170326826382819e+01
1.639636941733214996e+02 1.601331583357981003e+01 6.065130970866607640e+01
1.620647475475697661e+02 1.509385783298826844e+01 5.897107765207532282e+01
1.588440996869762500e+02 1.359079075470767961e+01 5.618838423050379305e+01
1.562623206891452128e+02 1.247705005915409693e+01 5.403782319087055441e+01
1.550982004214729386e+02 1.198896714482894588e+01 5.308509871339840203e+01
1.547149157670314423e+02 1.184843765404712634e+01 5.282764283249531445e+01
1.548715185349502121e+02 1.196915052252785117e+01 5.314556375086266371e+01
1.555231594449373915e+02 1.225284062900522564e+01 5.372053232524893929e+01
1.566905963472345320e+02 1.256002292221236338e+01 5.464998490338164316e+01
1.580408871882086146e+02 1.299831472444050107e+01 5.580460046337375246e+01
1.593132455880902967e+02 1.344343851671103174e+01 5.684109576801735386e+01
1.599866456546386644e+02 1.366916993246574030e+01 5.738341867544119168e+01
1.600512761263925938e+02 1.372365332002366145e+01 5.744591713496993179e+01
1.596134449250714908e+02 1.352589532189687382e+01 5.716161700187321060e+01
1.590397826703145086e+02 1.327062691018436347e+01 5.658241059104800996e+01
1.586283597678201716e+02 1.304147102681652370e+01 5.615349101597160342e+01
1.586014924085576183e+02 1.303122843340234560e+01 5.609004208567485250e+01
1.588437084072759546e+02 1.307660301439416273e+01 5.630164737996648228e+01
1.592310106107660488e+02 1.330505644286700218e+01 5.651849489795918657e+01
1.597131149561273844e+02 1.357857943902198627e+01 5.690615757172434286e+01
1.603629288671990594e+02 1.388405951148575390e+01 5.752795185103026654e+01
1.610076222517992619e+02 1.420933772059548517e+01 5.809499470077886230e+01
1.615122852583062070e+02 1.446317041309277407e+01 5.859086161638568768e+01
1.619517847900029608e+02 1.469762859854086479e+01 5.900135253376713251e+01
1.622744180099575999e+02 1.486358356748496412e+01 5.926086494380361103e+01
1.625371561668145546e+02 1.494033600759144242e+01 5.944539645568372066e+01
1.626712218401853534e+02 1.501548789805777417e+01 5.955708370304643751e+01
1.627429585058661132e+02 1.509994423494035232e+01 5.961382542147293861e+01
1.628976526298925478e+02 1.522409543527555975e+01 5.979280507492852337e+01
1.631012474736271258e+02 1.535526348220447623e+01 5.997031203785861919e+01
1.635133112121660304e+02 1.547547723799664787e+01 6.018125184856551613e+01
1.637395124716553312e+02 1.561824195257813308e+01 6.039931787932564333e+01
1.640021412550527486e+02 1.573291309277334094e+01 6.058930265946958826e+01
1.634058063442768400e+02 1.543340234644582409e+01 6.007087092083209967e+01
1.608391794217687050e+02 1.429920265207532282e+01 5.785295277531302105e+01
1.577178780932662789e+02 1.294446909198462059e+01 5.514234108498472153e+01
1.558012884501626729e+02 1.215768109780144002e+01 5.353491015971606259e+01
1.548275334590357772e+02 1.179709528739031832e+01 5.284727305777383322e+01
1.547388670141969840e+02 1.173397447747214883e+01 5.280911250369712917e+01
1.551464217933550174e+02 1.187167566301883070e+01 5.313638100167603540e+01
1.560412553608399833e+02 1.216428201715468838e+01 5.389217933550231976e+01
1.572079281893917084e+02 1.263218167701863415e+01 5.487032312925170174e+01
1.584862666987084765e+02 1.317902278665089177e+01 5.600341522478556300e+01
1.594645876466528591e+02 1.354678103125308120e+01 5.690867470176476672e+01
1.598749768929310733e+02 1.364822260425909484e+01 5.730969018041999163e+01
1.597452183772059584e+02 1.352104129695356427e+01 5.709496543182490313e+01
1.592667726510894113e+02 1.323920437740313538e+01 5.667858067139899703e+01
1.587820679902395682e+02 1.302223516218081478e+01 5.619581546386670823e+01
1.584974335748792384e+02 1.289221322587005858e+01 5.593165853297841039e+01
1.584917369121561705e+02 1.295426494873311718e+01 5.596215216158927319e+01
1.587858821970817189e+02 1.317108165730060065e+01 5.630569111702651952e+01
1.593091386917085686e+02 1.344382055358375183e+01 5.679923654244306164e+01
1.599511300897170543e+02 1.365565999950704956e+01 5.730400892240954391e+01
1.605043302647145822e+02 1.395023507591442424e+01 5.774476855959775179e+01
1.610347545721187146e+02 1.426158280341121909e+01 5.817638858079463660e+01
1.613673084269939864e+02 1.442966978458049887e+01 5.844211833284037994e+01
1.616246410701961906e+02 1.457220496894409933e+01 5.869437204229517846e+01
1.619194133269249676e+02 1.473122627674258034e+01 5.893343315587104314e+01
1.621964978926353069e+02 1.481888217243419170e+01 5.920081429310855015e+01
1.624248650547175430e+02 1.491644637927634776e+01 5.943388759489302942e+01
1.626038631938282606e+02 1.499695602878832723e+01 5.959500548407768861e+01
1.628320146899339420e+02 1.510845533865720114e+01 5.984513488366361145e+01
1.631376010549147111e+02 1.527762681159420310e+01 5.997678355762595004e+01
1.634346470472247006e+02 1.544659648279601782e+01 6.021612041555752626e+01
1.637694160997732524e+02 1.566014739229024855e+01 6.054469215222320599e+01
1.635284432613625256e+02 1.551477620033520743e+01 6.030795869072266413e+01
1.613467338928325034e+02 1.457881205018239257e+01 5.841822408311150383e+01
1.582593552819678564e+02 1.316801765996253515e+01 5.568757856403431106e+01
1.560522096519767388e+02 1.228175219363107473e+01 5.387568705018239257e+01
1.550381513112491234e+02 1.186880576505964768e+01 5.304224126244700699e+01
1.548090986394557831e+02 1.176944690919846259e+01 5.284718371044069585e+01
1.550473679508035048e+02 1.191188042245883949e+01 5.311869177018633792e+01
1.558318421571527210e+02 1.211892438134674244e+01 5.384320313270235658e+01
1.570104336118505444e+02 1.241310663758256894e+01 5.486587270777876313e+01
1.583570165384994652e+02 1.293304033569949674e+01 5.601174301242235742e+01
1.594544189958592142e+02 1.343427425317953272e+01 5.696716639554372819e+01
1.599347317731440512e+02 1.369635154786552356e+01 5.740574010401262228e+01
1.598592132505175982e+02 1.364782362220250356e+01 5.738992716651878112e+01
1.592748308562555337e+02 1.337793151680962289e+01 5.684101720398304280e+01
1.586470811150547036e+02 1.311163487133983985e+01 5.628159660603371606e+01
1.583743838114956191e+02 1.298757609928029133e+01 5.603656770679285870e+01
1.583379116139209373e+02 1.296091362269545577e+01 5.606448258651286665e+01
1.586362747091590393e+02 1.312815180419994121e+01 5.634547224686976108e+01
1.591945353322488472e+02 1.334078767376515806e+01 5.680212492605738106e+01
1.598630274573597490e+02 1.360407115744848738e+01 5.728187235038942760e+01
1.603790976535541688e+02 1.380806498323967269e+01 5.774898174849649735e+01
1.608249500887311569e+02 1.406514807009760482e+01 5.812693329143251475e+01
1.612143165237109201e+02 1.425951549097900006e+01 5.851337437148772835e+01
1.614365818791284539e+02 1.442247270284925520e+01 5.870422951789411314e+01
1.615740874248249952e+02 1.447225457211870214e+01 5.873198264813171932e+01
1.618031924726412285e+02 1.455263944345854199e+01 5.888701413536428930e+01
1.618253706373853902e+02 1.465138673222912402e+01 5.900907337572710532e+01
1.619002760524499536e+02 1.483102416691314218e+01 5.898734194764862337e+01
1.619135795622596845e+02 1.489602127082717153e+01 5.892314126737651492e+01
1.620047446514837759e+02 1.505817897811298423e+01 5.899557422606724089e+01
1.623068957655526106e+02 1.522610575027112212e+01 5.928140250665483535e+01
1.626937589347333244e+02 1.542537032929113749e+01 5.969316277235532198e+01
1.625681103963324574e+02 1.544879935669920101e+01 5.959476825150350265e+01
1.606189351646455634e+02 1.453052135709356207e+01 5.785760037710736725e+01
1.575850155279503042e+02 1.319057169969437027e+01 5.523865442916297042e+01
1.554385629251700607e+02 1.232079081632653050e+01 5.351021332446021717e+01
1.544382502095041048e+02 1.197437272010253295e+01 5.274815759637188251e+01
1.542348972197574710e+02 1.182120674356699119e+01 5.255572962880804511e+01
1.545539981391107176e+02 1.186726837474120089e+01 5.291541272306023558e+01
1.552868773415163162e+02 1.201367630385487573e+01 5.353909253918958910e+01
1.563252612639258530e+02 1.234755958542837462e+01 5.443689613526569815e+01
1.576035042640244512e+02 1.286016526175687602e+01 5.553198172384895770e+01
1.586106274031351688e+02 1.328277044513457561e+01 5.647751066006112808e+01
1.590042902124617967e+02 1.356528979345361385e+01 5.693242106625258714e+01
1.589976877526372903e+02 1.358057280883367923e+01 5.691844128955930415e+01
1.585488899364093527e+02 1.343411558463965250e+01 5.653066770186335077e+01
1.579502936138223390e+02 1.317166395543724811e+01 5.606233825051759823e+01
1.576932998742975371e+02 1.307423993147983765e+01 5.581371389135364325e+01
1.577610806097801515e+02 1.306903776003154860e+01 5.584468968746919160e+01
1.580993727201025365e+02 1.320262896825396837e+01 5.616653418613822168e+01
1.586654527753130139e+02 1.345569758700581708e+01 5.666832421374346751e+01
1.593761029774228462e+02 1.375629590604357766e+01 5.729683340727595464e+01
1.600747482869959697e+02 1.409922637533274248e+01 5.786373299319728147e+01
1.607342948954944291e+02 1.438199682046731809e+01 5.843863840826185196e+01
1.612297397219757329e+02 1.458330098343685322e+01 5.883020155525978367e+01
1.615893627378487736e+02 1.474965801538006538e+01 5.914107019619441985e+01
1.618437222715172936e+02 1.486022071872227102e+01 5.937082532288277292e+01
1.620500529922113913e+02 1.499441887262151241e+01 5.941300650695060881e+01
1.621261491915606712e+02 1.509130527210884409e+01 5.944386522725032052e+01
1.622431603076013005e+02 1.518207446021886931e+01 5.956514807009760659e+01
1.624183349970423080e+02 1.533514954895001559e+01 5.967737448240165321e+01
1.627008789929015222e+02 1.545818544809228001e+01 5.993491662969535838e+01
1.630999195874001657e+02 1.564748163758256894e+01 6.033407275953859994e+01
1.633398264196983121e+02 1.587935029084097494e+01 6.054413450162673627e+01
1.623268017351868195e+02 1.547527543626146063e+01 5.968144594794439683e+01
1.594682385635413482e+02 1.418569764862466798e+01 5.709571410085773380e+01
1.565716211303361831e+02 1.290465099083111511e+01 5.459165649955634336e+01
1.549284035172039751e+02 1.222421251109139284e+01 5.330497787883269467e+01
1.542610467194124055e+02 1.188283483683328434e+01 5.265920924529231684e+01
1.541735818421571480e+02 1.177655156265404734e+01 5.256820128413684046e+01
1.545665067657497787e+02 1.190854992359262532e+01 5.285992802918269007e+01
1.555013124815143328e+02 1.225268966282165017e+01 5.367634852854185112e+01
1.566190707261165471e+02 1.267617137434683983e+01 5.457081238292418135e+01
1.578912242433205222e+02 1.311308137385388939e+01 5.576492870699004101e+01
1.587627720472247006e+02 1.346523926599625298e+01 5.661725297002858781e+01
1.590876374100364785e+02 1.357630416296953513e+01 5.693733208863255157e+01
1.588121472320812302e+02 1.347849810213940636e+01 5.678524752292221223e+01
1.583103864734299577e+02 1.324770777876367944e+01 5.633556701666173439e+01
1.578733932884748015e+02 1.304827066696243776e+01 5.590977151730257333e+01
1.575839356575963848e+02 1.293593334072759582e+01 5.569907356058365622e+01
1.574162168490584577e+02 1.290747313418120790e+01 5.549773858818890204e+01
1.574178898008478882e+02 1.292719424726412392e+01 5.555162427289756266e+01
1.577260903455585037e+02 1.304905476683427068e+01 5.586269163462486631e+01
