1.736803790192793997e+02 1.834759582224849694e+01 6.652149637074259658e+01
1.731061615265871865e+02 1.831940913718921493e+01 6.631365323348769891e+01
1.729391894111078329e+02 1.838493119190724912e+01 6.633436463362563984e+01
1.730522481689493191e+02 1.867613886425592185e+01 6.667964824120602430e+01
1.729314119617696406e+02 1.858366669951062633e+01 6.651901172529312589e+01
1.695986714618845781e+02 1.668047590895654864e+01 6.315463264032581492e+01
1.653567067362958483e+02 1.458609715242881144e+01 5.902212533254508031e+01
1.624497356061352491e+02 1.334311426413111334e+01 5.634908036916608864e+01
1.613661263835517445e+02 1.290383781653364892e+01 5.554296810851644040e+01
1.613290833251223546e+02 1.286565507274936770e+01 5.547995040562288693e+01
1.619408775905672258e+02 1.312787138305908563e+01 5.602606003875587248e+01
1.631532548362728789e+02 1.357172463625316183e+01 5.701120964298617366e+01
1.649248300325155299e+02 1.424348868525634693e+01 5.844180379019279314e+01
1.671875012316484401e+02 1.484573028541399786e+01 6.029524419483036013e+01
1.687981623805301012e+02 1.546017670049594450e+01 6.171320491345616688e+01
1.694414901303905197e+02 1.570157158340723136e+01 6.233275692186422390e+01
1.694879232765132713e+02 1.566309817059151932e+01 6.235252898479324557e+01
1.690186405885637271e+02 1.554992117449994993e+01 6.185329260682497221e+01
1.683632722435708047e+02 1.533008506585213659e+01 6.114984727559365751e+01
1.679971639241961441e+02 1.521742207770880562e+01 6.072916871941406214e+01
1.679769139816730785e+02 1.527038624495024166e+01 6.073659145400203840e+01
1.682915065523696967e+02 1.544632640325812112e+01 6.102657076230827471e+01
1.688737461818898282e+02 1.577230925871186074e+01 6.158047426675862823e+01
1.695887460176700472e+02 1.616265477715374388e+01 6.223355831444805375e+01
1.704286514270699797e+02 1.656980326468946174e+01 6.296117023023614934e+01
1.712269418990376835e+02 1.689503070910106075e+01 6.365104772227148544e+01
1.719524189575327568e+02 1.725378855059611638e+01 6.427094130784642800e+01
1.725743587217131392e+02 1.760017571517719404e+01 6.489314546589154986e+01
1.730403783624002472e+02 1.790221039839721584e+01 6.529491411304890391e+01
1.733665270798436495e+02 1.812342266890005504e+01 6.565282458041842517e+01
1.736972788780503834e+02 1.832073439090879319e+01 6.591709363812526590e+01
1.739739268236607757e+02 1.848889053108680613e+01 6.620172923440732404e+01
1.743330738660623354e+02 1.872225670837849520e+01 6.643803823036752476e+01
1.747753801688179465e+02 1.897331099944165445e+01 6.681078924031923805e+01
1.753028919105330488e+02 1.922401550234834389e+01 6.723287516011430398e+01
1.756850428613656447e+02 1.944671067757085936e+01 6.762520281144283274e+01
1.752340903865733992e+02 1.924343613492298033e+01 6.728451243143823035e+01
1.714752126646303338e+02 1.762747561336092161e+01 6.380384274312740445e+01
1.666552205471803347e+02 1.540506453837816458e+01 5.944386967517325360e+01
1.631865405458665919e+02 1.395920944592242208e+01 5.658607087726213081e+01
1.616403701514106501e+02 1.338588530889742856e+01 5.535097053896935648e+01
1.614324925279994716e+02 1.328222484973889017e+01 5.518392124018786404e+01
1.622379922488258330e+02 1.334614904588300988e+01 5.599601110125792047e+01
1.636924031924327494e+02 1.370760009196308360e+01 5.737858081255952669e+01
1.656423916970473158e+02 1.434280881531842233e+01 5.906498834039478396e+01
1.679429582553289322e+02 1.519243767858902316e+01 6.099434755476730174e+01
1.697614986698196731e+02 1.602709790783985255e+01 6.261377968272736183e+01
1.704077725227444375e+02 1.640531579465957179e+01 6.319208624823463794e+01
1.703847751831050630e+02 1.642094459224225744e+01 6.322224849738890384e+01
1.700261290110684058e+02 1.624377771208986232e+01 6.288255821591618400e+01
1.694820080796137631e+02 1.599059677472329000e+01 6.241633822708313062e+01
1.691445479029132457e+02 1.586216704437218716e+01 6.209019115183762239e+01
1.691505140079482317e+02 1.595718461588990777e+01 6.202889611455972840e+01
1.696243390153381370e+02 1.617747232896508791e+01 6.244679442966466354e+01
1.703472033369461656e+02 1.647572174598482775e+01 6.300314316681446769e+01
1.710934131441521231e+02 1.685608105888921671e+01 6.371351200446677865e+01
1.719514303543863036e+02 1.729103195717147656e+01 6.453252044536407084e+01
1.725799389102374732e+02 1.780343055145005948e+01 6.510166190429271182e+01
1.731404456925148736e+02 1.815373764246066912e+01 6.567312543107695433e+01
1.736548001445134162e+02 1.845838998916149265e+01 6.617192662659704183e+01
1.741434394193188098e+02 1.860702203829605494e+01 6.645696456136893460e+01
1.743368574900647161e+02 1.877148323315925893e+01 6.668044306499818674e+01
1.744726524780766681e+02 1.905971195848523791e+01 6.674801458271750221e+01
1.746968420534042821e+02 1.927756264985055878e+01 6.688453706440699875e+01
1.748787450323513042e+02 1.952268367983709396e+01 6.705019870594803422e+01
1.751186471573554115e+02 1.978655039905409296e+01 6.731421979176930392e+01
1.754536571747626965e+02 1.998708082898150806e+01 6.762271159720170033e+01
1.753740795480671295e+02 1.980298223141852887e+01 6.752549019607843661e+01
1.727817830984990337e+02 1.837064571222123632e+01 6.511700495943770761e+01
1.682547032548362722e+02 1.608705126941898911e+01 6.096540710086379278e+01
1.646873320852629092e+02 1.442330607284790034e+01 5.792089696850264602e+01
1.628071025059940098e+02 1.367446218018195481e+01 5.643766873583604138e+01
1.625349180543238958e+02 1.346262685978914142e+01 5.638624330804348261e+01
1.631636860774460445e+02 1.369134233257792310e+01 5.694084967320261370e+01
1.646761191578809189e+02 1.420384766972115465e+01 5.822953164515387670e+01
1.668480096561237644e+02 1.505507439156567173e+01 6.001663710710414534e+01
1.691449568101947705e+02 1.597334220120208848e+01 6.196100272604854098e+01
1.709474578776234068e+02 1.673078464216507300e+01 6.349470555391335580e+01
1.716806023581962108e+02 1.716379938910237613e+01 6.419198443196374626e+01
1.717017522251781827e+02 1.721678162052090499e+01 6.427881728905967407e+01
1.711495385423851303e+02 1.694735441915459617e+01 6.380195914211580543e+01
1.703080270634216902e+02 1.651169737576772789e+01 6.298727460833579528e+01
1.695488718100305334e+02 1.625803527441127372e+01 6.216915459651197295e+01
1.693015978585739276e+02 1.619729037343580558e+01 6.189419318816303672e+01
1.694658521364994783e+02 1.635775610076526476e+01 6.199882747068676991e+01
1.700353515945741663e+02 1.663755049758596982e+01 6.250615331559759369e+01
1.708202302361480633e+02 1.701927940355371760e+01 6.322068676716917679e+01
1.715362038952934540e+02 1.736023417742306307e+01 6.407197425033665183e+01
1.722558412979932427e+02 1.777815219890301179e+01 6.489419154596511419e+01
1.729193713666371082e+02 1.808229217985351767e+01 6.553438762439648713e+01
1.733975826846651671e+02 1.834424245410056997e+01 6.606612966794757824e+01
1.737261536440371685e+02 1.856622163103097023e+01 6.639633132985187558e+01
1.739648799553322078e+02 1.878715144349196819e+01 6.658523335632411033e+01
1.742830262423227339e+02 1.902448681315071966e+01 6.683639603244982652e+01
1.745941192892567528e+02 1.924935297402042877e+01 6.709125693828620740e+01
1.749342578907609891e+02 1.947469865668210431e+01 6.747293329392059036e+01
1.752901714454626187e+02 1.974930206588497938e+01 6.784308470456859652e+01
1.752000312017604244e+02 1.969523434164285547e+01 6.762364929221270415e+01
1.724671905278024155e+02 1.832578743390153519e+01 6.510354057871055034e+01
1.680353515945741663e+02 1.610780044010904177e+01 6.092974020428942339e+01
1.646025076362203095e+02 1.453277827043715220e+01 5.798145958550924206e+01
1.628616349722468613e+02 1.381062173613163857e+01 5.651288468486222172e+01
1.625077035504318985e+02 1.369399448221499682e+01 5.630927513383912952e+01
1.632144480572798670e+02 1.381623805301014940e+01 5.696894275298058830e+01
1.646487355076033623e+02 1.418502643938647445e+01 5.813113771471737579e+01
1.665716605905343783e+02 1.488952934607678991e+01 5.971166288961145341e+01
1.687854353466679811e+02 1.579714257562321400e+01 6.153964922652478009e+01
1.705321788681972066e+02 1.662251781784740601e+01 6.310164712451144453e+01
1.713982641968009943e+02 1.710421552205471940e+01 6.390847045685946171e+01
1.715420714684533721e+02 1.720488882320097090e+01 6.402457877623410809e+01
1.709834138010313040e+02 1.688315433376030583e+01 6.353241698689526373e+01
1.699146418366341607e+02 1.645176043616776695e+01 6.256365816008145231e+01
1.692768630735376121e+02 1.614592899136203741e+01 6.206956514599139751e+01
1.691269336880480694e+02 1.609985055998949122e+01 6.201001248070417660e+01
1.694116842381843924e+02 1.624132755279666185e+01 6.225052714553157784e+01
1.700245426478799118e+02 1.655353236772095826e+01 6.282544257233881524e+01
1.708348934213551331e+02 1.697878280290340669e+01 6.351839261667816317e+01
1.715900597760042103e+02 1.742526028836995522e+01 6.418633691332479430e+01
1.722607038460275248e+02 1.778904325549315146e+01 6.478767366242979620e+01
1.728116793115906376e+02 1.814398462902748932e+01 6.527137156370085336e+01
1.733017932801261338e+02 1.834224389923473453e+01 6.563342036982297145e+01
1.734726426248891471e+02 1.851548099977009088e+01 6.590082438335468851e+01
1.736966893289979339e+02 1.880373271586691786e+01 6.604184648733865970e+01
1.739888773935034578e+02 1.901594409958288168e+01 6.625122179525075694e+01
1.743206933359608399e+02 1.928515453082405529e+01 6.653903011790981736e+01
1.747484481229677726e+02 1.957147337997175285e+01 6.690604164613918670e+01
1.746751453345157188e+02 1.951130489046540006e+01 6.683742076395047604e+01
1.720417676618386054e+02 1.814098269123394758e+01 6.447651821197490563e+01
1.676952474792261967e+02 1.589646599008112382e+01 6.057981738759155377e+01
1.642231106512956842e+02 1.428963608894143889e+01 5.755141885900088994e+01
1.626244933819423863e+02 1.359047853647321524e+01 5.623800702860708611e+01
1.623733208526291492e+02 1.349996715604164699e+01 5.607545735212007543e+01
1.632311229349361099e+02 1.368392616678162099e+01 5.691395704010247414e+01
1.647518770322199373e+02 1.412455742766118227e+01 5.829729694222747582e+01
1.666128863270601244e+02 1.484044076592110883e+01 5.985450126449239860e+01
1.687580516963904529e+02 1.571298321673728182e+01 6.169942687292672190e+01
1.705327306466975301e+02 1.656024567280848814e+01 6.324370381318356493e+01
1.711620832922783961e+02 1.700980063717279123e+01 6.388867376096167305e+01
1.709697063750123220e+02 1.693764738726311236e+01 6.372040923572109250e+01
1.701346766512299951e+02 1.660246493907445853e+01 6.301352185765428260e+01
1.693405918481295487e+02 1.622811935494465629e+01 6.223918612671199213e+01
1.688814546589154872e+02 1.600705488225440831e+01 6.175207573816796724e+01
1.686437760698919419e+02 1.596980819128321372e+01 6.158108680658192924e+01
1.688390465398889830e+02 1.612762341117351639e+01 6.179507669064275888e+01
1.694915114789634458e+02 1.649115019542155380e+01 6.242557394817223582e+01
1.703513613820737760e+02 1.691674713436463406e+01 6.319101553519229952e+01
1.711095608762768165e+02 1.727268696423292837e+01 6.385588563733701051e+01
1.717428925674122127e+02 1.763073373402962574e+01 6.431195355864288388e+01
1.722822675468847535e+02 1.798175846553026602e+01 6.472686800013137542e+01
1.727025224160015853e+02 1.818941439222255241e+01 6.512980096561237531e+01
1.729869839393043662e+02 1.838639439025191180e+01 6.538679672874174287e+01
1.732603310671001964e+02 1.850871185995336177e+01 6.558981508851447018e+01
1.735222140112326201e+02 1.877055867573159986e+01 6.591553026570761631e+01
1.738469093835188914e+02 1.902007258514796106e+01 6.633351890169802800e+01
1.740046030807633031e+02 1.917063093243997685e+01 6.650156665681348045e+01
1.732226459092849780e+02 1.878327092981245983e+01 6.583368312148979840e+01
1.695663365848852209e+02 1.695586921535783631e+01 6.254313068611028825e+01
1.655523779025848228e+02 1.508847505501362996e+01 5.899219299109928727e+01
1.627104476631523653e+02 1.385236640719939594e+01 5.664567609288271655e+01
1.617466236410812144e+02 1.343849147699280699e+01 5.585845075048445096e+01
1.618329917561664502e+02 1.352736722829835436e+01 5.593663907774165267e+01
1.627000279173645936e+02 1.384867967287417478e+01 5.664298453049561743e+01
1.643884865503990511e+02 1.426224586987223653e+01 5.785261109468913077e+01
1.664655039905409524e+02 1.492672020231878349e+01 5.954765822576936785e+01
1.685481311787696654e+02 1.571870791867835848e+01 6.127784346569448815e+01
1.700207869412421644e+02 1.641019640687095560e+01 6.260447170492987823e+01
1.705034141294708832e+02 1.668038887246691004e+01 6.311130160606955997e+01
1.701884619174302884e+02 1.656187473314283665e+01 6.277547213190133846e+01
1.693954987355076014e+02 1.626392748053995518e+01 6.198214766643675944e+01
1.686347111373862901e+02 1.596967353105396192e+01 6.134556770782014468e+01
1.681566098466187213e+02 1.572224192859723502e+01 6.093910073242027181e+01
1.681499868624166538e+02 1.572727690741288065e+01 6.085672315827503809e+01
1.686109271849443303e+02 1.591005353565211600e+01 6.132543600354714641e+01
1.694165993365520535e+02 1.627305317436857379e+01 6.205536670279501976e+01
1.702383913029198368e+02 1.664387131737116832e+01 6.277247183630571215e+01
1.711754277925575707e+02 1.710056163168784948e+01 6.358317075573948074e+01
1.718956038361743310e+02 1.743814168883633897e+01 6.423239071172858417e+01
1.722731434952540610e+02 1.776040003941275103e+01 6.456608697080172021e+01
1.726283492626531313e+02 1.804976188130193293e+01 6.493689854501263881e+01
1.731346750090320938e+02 1.836318520708115898e+01 6.546486353335303932e+01
1.737174861234275909e+02 1.868921404407659281e+01 6.591472394653003164e+01
1.740443508391631440e+02 1.895669688310835355e+01 6.635876112589089360e+01
1.743277941997569656e+02 1.913152527342595377e+01 6.650607284789963103e+01
1.736338062863336233e+02 1.879542812099714411e+01 6.585046309981278512e+01
1.702178326271882156e+02 1.708061549577955063e+01 6.270790718297369182e+01
1.661572010378690720e+02 1.513143002594672737e+01 5.906795907642788990e+01
1.631931421814957162e+02 1.387506650901566729e+01 5.663407068019837709e+01
1.620937678589023676e+02 1.335630439780602430e+01 5.597490721581765172e+01
1.620855601537097357e+02 1.332642296449568065e+01 5.610705488225440973e+01
1.629072946431503794e+02 1.364199264295332803e+01 5.686189115512201653e+01
1.643371415903044692e+02 1.418246296843695653e+01 5.802930009524747845e+01
1.661425936873912121e+02 1.489486156271553874e+01 5.957131080237790144e+01
1.682231615594311336e+02 1.567451308831740420e+01 6.124421289453805173e+01
1.696746576017341681e+02 1.625920616152658837e+01 6.252697310079810933e+01
1.702101980490688788e+02 1.650187703221992308e+01 6.293036916609190001e+01
1.698655910270305753e+02 1.635530429927414886e+01 6.263324137024994087e+01
1.690751009951719368e+02 1.604474496666338368e+01 6.199278418234965926e+01
1.685066147732124762e+02 1.587607317633921156e+01 6.151530364239498283e+01
1.681459092849870274e+02 1.575007554110421459e+01 6.125222846257430831e+01
1.680922012020888872e+02 1.580734883568167604e+01 6.115426643019016950e+01
1.685886310638158250e+02 1.600995664597497381e+01 6.157417479554636230e+01
1.695025930305120312e+02 1.642686964232929370e+01 6.234766643675895637e+01
1.704459092849870387e+02 1.697064078562748435e+01 6.328957861201431712e+01
1.714941242158504906e+02 1.755176043616776838e+01 6.417024830032515581e+01
1.723717229940552329e+02 1.800908463888067956e+01 6.496381252668571449e+01
1.729606512956941629e+02 1.836486024895720348e+01 6.551387164581075240e+01
1.733603425624856413e+02 1.857663480802706246e+01 6.588426610175058329e+01
1.736854402732617473e+02 1.879467599435083969e+01 6.615084408972968788e+01
1.738739596676191468e+02 1.899214372516175686e+01 6.635416297172135103e+01
1.742373895621900317e+02 1.921174171511150419e+01 6.667530134331789782e+01
1.746060153709725000e+02 1.935624035208723370e+01 6.700287384635596766e+01
1.737520199034387645e+02 1.890863139225539413e+01 6.620768548625480321e+01
1.698826386836141467e+02 1.698841922028442752e+01 6.276831543337603136e+01
1.657445807468716055e+02 1.505582159161822098e+01 5.910907642789108962e+01
1.628049479423260095e+02 1.378848655039905324e+01 5.672162281998226518e+01
1.618132426840082871e+02 1.330357834926265248e+01 5.593763260748185218e+01
1.618823069596347750e+02 1.337127138962787853e+01 5.599594541334121800e+01
1.628689443951785165e+02 1.351268597891417933e+01 5.684471376490294858e+01
1.643925477058494948e+02 1.387769402568397581e+01 5.807046835484612757e+01
1.664043994482215112e+02 1.458774263474233912e+01 5.969285479686011797e+01
1.685900515650146190e+02 1.542527671034913084e+01 6.153917955792032046e+01
1.700377294971590061e+02 1.610553749137845969e+01 6.276712648208361855e+01
1.703318537130094796e+02 1.630612047163924316e+01 6.298789043255493425e+01
1.700646681118008416e+02 1.609697342923769270e+01 6.265912076723486734e+01
1.693295579203205534e+02 1.572224192859723502e+01 6.196160212828850433e+01
1.685718034617532055e+02 1.534104181035898407e+01 6.125710743258777313e+01
1.681991657634578132e+02 1.521238709889315821e+01 6.090394948599205094e+01
1.682639077741649487e+02 1.536493743225933528e+01 6.102374618188984101e+01
1.687419532302033076e+02 1.567843794134068958e+01 6.151173514631983608e+01
1.696309045226130650e+02 1.608267809636417311e+01 6.228293099484349682e+01
1.706524534436890406e+02 1.659723946530035832e+01 6.316744342628173570e+01
1.714366571419187437e+02 1.698107531119650560e+01 6.389920846060367410e+01
1.718924426051827652e+02 1.732259335895162167e+01 6.434773869346733477e+01
1.721506470259795663e+02 1.753999408808749649e+01 6.457410582323382187e+01
1.723280897953821409e+02 1.764072486616086977e+01 6.467948894800801440e+01
1.725230285413998104e+02 1.772571025059940197e+01 6.487379216343153132e+01
1.727836946168752377e+02 1.787441127204650826e+01 6.517435707951521806e+01
1.730434541991000685e+02 1.804772884027983082e+01 6.537785496107990468e+01
1.732170427299898279e+02 1.816522974348868402e+01 6.559008112457713935e+01
1.726031382402207157e+02 1.783710710414819189e+01 6.504289585180805489e+01
1.694490393142181404e+02 1.628047590895654650e+01 6.217580549807863122e+01
1.652866752060958504e+02 1.444224225703681874e+01 5.853797254245081660e+01
1.621575508260255560e+02 1.313723191118993583e+01 5.615824876014057310e+01
1.613059234078891109e+02 1.272898150885144730e+01 5.551769468256313900e+01
1.612715899760239040e+02 1.269883239728052082e+01 5.546600321870791817e+01
1.617109074785693110e+02 1.283966236410812201e+01 5.583607251946004624e+01
1.625625956580286982e+02 1.315884980457844833e+01 5.659212237658882572e+01
1.640558035274411282e+02 1.358421683581305217e+01 5.785525831773245642e+01
1.656876112589089303e+02 1.414400433540250290e+01 5.928140375078004354e+01
1.668060958386704726e+02 1.458993168456662382e+01 6.023542220908463918e+01
1.672095707294643034e+02 1.470943606923506408e+01 6.053146779649883058e+01
1.668378280290340570e+02 1.455092291522974435e+01 6.022703221992314582e+01
1.660907839852858956e+02 1.431741058232338126e+01 5.946215883338260255e+01
1.654017243078135664e+02 1.408304594869773751e+01 5.881480112983216912e+01
1.651232912930666430e+02 1.403108187998817691e+01 5.854614411928925932e+01
1.652668144644792676e+02 1.409550366210135586e+01 5.867961047065391966e+01
1.658362285282622395e+02 1.431818734193845088e+01 5.907863664728873232e+01
1.667556212434722624e+02 1.456675862975005664e+01 5.991257266725785513e+01
1.675840821755838022e+02 1.494013203271258305e+01 6.072190363582618744e+01
1.683720366538575206e+02 1.523181430025946703e+01 6.151305547344566094e+01
1.690733619075770946e+02 1.551301770289355275e+01 6.208000952474792200e+01
1.695235031365980092e+02 1.570971852727690710e+01 6.242903077478897700e+01
1.697562255723059650e+02 1.599525240581994900e+01 6.256357276578973625e+01
1.700676339212402013e+02 1.623186192399908023e+01 6.278904653988898588e+01
1.703835303970834616e+02 1.646095346011101412e+01 6.301857161625119375e+01
1.708300243045291893e+02 1.666344303215423395e+01 6.335433211810687482e+01
1.713924721647452998e+02 1.689971097316648496e+01 6.384451341675698899e+01
1.719819818044470594e+02 1.710931126219331944e+01 6.421531677997832332e+01
1.725890908792327707e+02 1.735627976483725732e+01 6.462849377606988810e+01
1.726596331329851921e+02 1.733945708936840902e+01 6.458334975531251132e+01
1.703474365290504693e+02 1.614152133215095120e+01 6.243451407363615147e+01
1.662957384964035725e+02 1.430791703616119825e+01 5.884831182054060861e+01
1.631683893322823167e+02 1.300122179525076405e+01 5.620114296975071255e+01
1.623537245048773343e+02 1.261737281177127379e+01 5.548595756560580838e+01
1.624197359345748453e+02 1.259408480310047018e+01 5.553927644759746585e+01
1.629296876539560515e+02 1.273369625907314351e+01 5.589397641803790151e+01
1.637990869379577532e+02 1.300584622458698725e+01 5.652969422274772882e+01
1.650671987387920012e+02 1.332880086708050094e+01 5.781140834893421498e+01
1.665048806122113945e+02 1.378117055867573093e+01 5.913508555851151272e+01
1.675920501198804402e+02 1.413416100108385010e+01 6.013545012644924270e+01
1.680516783262718832e+02 1.430228265510559282e+01 6.050432719151312000e+01
1.678861726935330125e+02 1.417091667487765605e+01 6.033608565704338389e+01
1.671833382599270976e+02 1.388385226787532467e+01 5.964549380891384800e+01
1.664807747889775555e+02 1.364662692547705802e+01 5.904098269123394971e+01
1.662613196702466496e+02 1.359405195914211539e+01 5.880106085985482878e+01
1.664481771603113600e+02 1.368703813183564932e+01 5.900321870791867696e+01
1.668759303051203631e+02 1.386699017965645275e+01 5.936879002857424581e+01
1.675283443360593765e+02 1.403328078299996662e+01 5.983552895194928567e+01
1.682875915525339110e+02 1.426114559726738307e+01 6.042592537852662105e+01
1.689643708739777423e+02 1.456370249942523110e+01 6.098684106808552485e+01
1.694732453115249484e+02 1.480043189805235393e+01 6.143746181889841296e+01
1.698490228922389633e+02 1.494974381712484046e+01 6.180181627089697116e+01
1.701081781456301201e+02 1.523031497356061337e+01 6.202231090090977972e+01
1.702540989260025697e+02 1.541318356488323893e+01 6.223766380924229225e+01
1.704111800834236590e+02 1.557364765001477913e+01 6.235939337208920108e+01
1.705629815745393500e+02 1.564155253391138700e+01 6.252258350576411772e+01
1.707509179886359902e+02 1.571930567872039930e+01 6.267111373862778123e+01
1.709718231681282248e+02 1.579772391368607742e+01 6.296755838013597639e+01
1.712371350215127848e+02 1.587199888330541597e+01 6.322127467402371082e+01
1.716352202187407556e+02 1.605234013203271104e+01 6.360508752914901009e+01
1.721760928827142152e+02 1.624159851545308086e+01 6.407132065556541534e+01
1.719108434328505268e+02 1.615525831773245358e+01 6.387839031760107389e+01
1.693890005583473055e+02 1.517906197654941458e+01 6.158688212303346887e+01
1.653711432981903044e+02 1.358971327224357140e+01 5.815115774953197558e+01
1.629564817551811302e+02 1.267734587972542393e+01 5.616290931783098728e+01
1.621922488258285000e+02 1.236996091568955869e+01 5.554248037573488261e+01
1.620555292803888676e+02 1.231200775117417123e+01 5.543031004696685926e+01
1.624479078398528600e+02 1.233703484743981349e+01 5.579298124609977805e+01
1.631594705553913229e+02 1.253119683384241512e+01 5.650150261109468630e+01
1.641411485532236441e+02 1.286947975169967506e+01 5.735583472920156112e+01
1.653270995500377580e+02 1.327510756396360847e+01 5.825410549479423139e+01
1.661899924458895725e+02 1.364544290077840216e+01 5.901487502873846580e+01
1.666575623214109783e+02 1.368500673301146264e+01 5.946879331297007809e+01
1.665347456235425625e+02 1.358787893716950812e+01 5.936792130587578242e+01
1.660167454921667058e+02 1.331194698985121683e+01 5.896455808454035008e+01
1.653996863401977180e+02 1.309422603212139080e+01 5.851010937038131487e+01
1.652291457286432035e+02 1.306280750156008885e+01 5.836514927579072065e+01
1.654162413374059781e+02 1.333145630111341085e+01 5.849203205570335484e+01
1.657834088744375549e+02 1.359102703057772565e+01 5.878617597792886329e+01
1.662297516996748357e+02 1.381702795020855845e+01 5.912530955430748492e+01
1.668595181791309585e+02 1.411155943114264133e+01 5.961541366965546729e+01
1.675051170887115290e+02 1.440556376654514459e+01 6.015423358623181116e+01
1.680083555030052196e+02 1.457959076427891176e+01 6.064127336026538018e+01
1.684360560974808720e+02 1.470124478602161133e+01 6.101908069760567344e+01
1.688185010017407421e+02 1.481812822281341369e+01 6.131109304693401896e+01
1.690974299602588076e+02 1.490519919860741638e+01 6.150872007094294958e+01
1.693577675961506941e+02 1.503465201826124087e+01 6.171214569579925779e+01
1.696503054488127020e+02 1.513941767661838611e+01 6.191722501395868505e+01
1.698240319243275280e+02 1.522619141458928560e+01 6.209431963740269822e+01
1.699054307485138224e+02 1.532036489637731158e+01 6.216481755181134616e+01
1.700575344040463790e+02 1.539345091470424087e+01 6.236990836535619565e+01
1.702983380957072939e+02 1.551086970801721066e+01 6.259081190265050765e+01
1.705761864879955283e+02 1.565853121818241611e+01 6.272194961736788343e+01
1.709840312674483584e+02 1.581248398857030324e+01 6.299396492265248071e+01
1.714505090813544825e+02 1.608680658192925250e+01 6.332950372778927317e+01
1.718748316747134481e+02 1.626979669589778865e+01 6.368485729300095244e+01
1.715805465234670066e+02 1.614083653561927179e+01 6.336853220350116800e+01
1.686146139192695443e+02 1.492987158012283722e+01 6.074375143692317636e+01
1.643213436463362598e+02 1.326550399054094065e+01 5.713191447433244718e+01
1.620944526554340257e+02 1.242985844253949423e+01 5.540858705291161357e+01
1.613905803527441094e+02 1.217139619666962247e+01 5.488107202680067331e+01
1.612771028344336059e+02 1.214420468354846072e+01 5.479738890531086781e+01
1.617030052221893754e+02 1.218471277958419563e+01 5.524470391171544037e+01
1.624218428745032270e+02 1.228387033205241963e+01 5.589276611817255969e+01
1.634377278549610821e+02 1.255255690215784803e+01 5.672208427759713345e+01
1.645040923572108795e+02 1.291005517785003498e+01 5.763973790521233553e+01
1.653228216244621933e+02 1.329797681216540184e+01 5.834596019312247250e+01
1.655763966893289876e+02 1.345612047163924174e+01 5.861977042073110766e+01
1.654040874306171247e+02 1.341034913127730199e+01 5.848826321148224849e+01
1.648252684993595381e+02 1.321111275330902934e+01 5.800151410648011563e+01
1.643775823562255596e+02 1.300731927611915850e+01 5.762165894833645297e+01
1.643229858442539353e+02 1.300805826518211994e+01 5.759121752553618023e+01
1.645757283147764838e+02 1.307635399218313843e+01 5.773663086675205847e+01
1.649813380628633297e+02 1.327915065523697002e+01 5.801399809505041816e+01
1.655783837488094150e+02 1.349079876506716502e+01 5.856169901796564403e+01
1.663005074391565756e+02 1.378592636384537151e+01 5.917949387460176780e+01
1.669304726245607071e+02 1.407533911387000281e+01 5.974641179754983966e+01
1.674402568397543405e+02 1.428292442605182799e+01 6.014177587282819104e+01
1.679357276578973313e+02 1.448087660524846498e+01 6.056920057805366753e+01
1.683372039938253408e+02 1.462217131408677417e+01 6.086762899464643795e+01
1.688102111866522250e+02 1.477568725982855469e+01 6.118271258252044476e+01
1.689507997503859258e+02 1.485923736328702383e+01 6.135501198804480083e+01
1.691026340854599823e+02 1.506241337405984204e+01 6.152947745262259360e+01
1.692078299996715600e+02 1.518001116694584063e+01 6.163379479094820823e+01
1.693278122639340495e+02 1.527114329819029770e+01 6.174878148914507392e+01
1.695043074851380993e+02 1.534892107596807520e+01 6.192329950405623151e+01
1.698296383880185374e+02 1.548913357637862553e+01 6.220991066443328066e+01
1.702883453213781308e+02 1.569278418234965677e+01 6.250872828193254094e+01
1.707471097316648638e+02 1.590984004992281697e+01 6.283952770387887199e+01
1.712298682957269875e+02 1.613367655269813028e+01 6.327717673333989978e+01
1.716705521069399367e+02 1.640817486123427571e+01 6.381402765461293569e+01
1.715414441488488251e+02 1.641271061188294311e+01 6.372342431109797189e+01
1.693466827602062494e+02 1.546180083423654139e+01 6.164942194633297134e+01
1.652773031825795726e+02 1.380883174040135231e+01 5.812550497585969111e+01
1.624231648438269815e+02 1.274618845863303385e+01 5.584572700101816167e+01
1.616324678950307145e+02 1.237845600551778524e+01 5.515971360068315477e+01
1.615906542516504203e+02 1.238472591716753790e+01 5.513567182316813131e+01
1.621138552238315640e+02 1.255094426380267336e+01 5.577183794790948212e+01
1.630929500443393465e+02 1.282827536374683852e+01 5.664683384241468644e+01
1.643651131474365172e+02 1.327228791013892994e+01 5.777538837980753783e+01
1.658578743390153249e+02 1.387368870496272244e+01 5.907481361053633862e+01
1.668901205373271637e+02 1.436099287286103809e+01 6.003406082701086888e+01
1.671362137484809693e+02 1.461381581108155103e+01 6.025788419220284453e+01
1.668954938089138409e+02 1.453289650868722660e+01 6.000916346438072679e+01
1.662655729628534971e+02 1.432560186553683401e+01 5.941349229809176791e+01
1.656564866817748793e+02 1.408978060235819640e+01 5.890277038788714492e+01
1.654181873419384488e+02 1.404405852793378706e+01 5.868540414490754387e+01
1.656583210168489586e+02 1.415298880021020089e+01 5.887298748645186919e+01
1.662172430781357662e+02 1.437249646927447699e+01 5.929757118927972925e+01
1.669838013597398856e+02 1.467939205833087080e+01 5.987999802936249694e+01
1.677672184451670034e+02 1.502527835254704947e+01 6.061524452326994350e+01
1.684602111866522023e+02 1.533942588760797499e+01 6.122341774230630307e+01
1.691191217525536103e+02 1.563195552928038801e+01 6.186571747627024109e+01
1.696388954576805475e+02 1.588747331428383802e+01 6.230689066246264218e+01
1.700084441816927665e+02 1.609767628994646316e+01 6.264731829080040626e+01
1.703470998784773656e+02 1.627842316155943081e+01 6.295977600420402354e+01
1.705969241633001729e+02 1.641012579236049618e+01 6.319867803067625545e+01
1.707422143396722163e+02 1.647811114395506848e+01 6.333369790127105858e+01
1.708786300784970535e+02 1.658745196571090830e+01 6.351612474135382769e+01
1.709511298321673678e+02 1.671859789141787545e+01 6.369008605117088706e+01
1.710617712746740153e+02 1.685962492199560003e+01 6.386634808027063315e+01
1.714624117318619199e+02 1.703053174368574929e+01 6.421362531612309965e+01
1.719329950405622753e+02 1.732678589023549165e+01 6.455686767169179063e+01
1.718263753407560728e+02 1.725710907478569212e+01 6.440473609879462913e+01
1.696048592636384456e+02 1.620770355043189781e+01 6.239110092948401842e+01
1.654404456925148565e+02 1.447762341117351426e+01 5.879365618944395067e+01
1.622460620093933699e+02 1.321804282852169266e+01 5.615184090386573246e+01
1.615093342529641802e+02 1.269099418661937051e+01 5.559029789470226746e+01
1.615569875521397876e+02 1.264106315893191379e+01 5.565169967484481361e+01
1.619806368443524889e+02 1.276939435740795403e+01 5.603168456662397290e+01
1.629235146319834371e+02 1.310040233848983426e+01 5.676297336354977574e+01
1.642553699871908464e+02 1.354813117876966544e+01 5.783494104509475164e+01
1.659096052156205872e+02 1.403564390580352672e+01 5.905732912930666600e+01
1.671786350050908254e+02 1.444782737215489199e+01 5.996580943935362740e+01
1.677938368312148896e+02 1.463292114165599322e+01 6.042089532630472348e+01
1.677077396787860835e+02 1.451447761684238102e+01 6.019128157125496870e+01
1.670075475416297195e+02 1.410518113443032107e+01 5.953047919335238447e+01
1.659718313791178161e+02 1.388083883469635715e+01 5.866060695635037803e+01
1.654926987880579361e+02 1.368815154202384399e+01 5.823191447433244861e+01
1.656120225309554428e+02 1.376738102276086373e+01 5.829178408381778098e+01
1.661824317666765296e+02 1.396744014188590022e+01 5.871648109830196915e+01
1.667785315466219913e+02 1.428331855355207480e+01 5.930827175091142323e+01
1.675842365421880515e+02 1.457978454363319898e+01 5.999197293657831409e+01
1.685177702236673554e+02 1.493955397904555404e+01 6.085569021578480431e+01
1.695174122245213084e+02 1.529738562091503340e+01 6.165575261930568018e+01
1.702319226853220471e+02 1.559427365586100400e+01 6.228593293263703856e+01
1.706406526094525020e+02 1.580838506256774068e+01 6.262447203336946444e+01
1.708730893027227751e+02 1.585224981114723874e+01 6.275350280815843718e+01
1.710071665517127997e+02 1.579945643248924370e+01 6.281798370939665688e+01
1.710839885703024947e+02 1.579718691496699101e+01 6.277243406575360751e+01
1.711667487765625424e+02 1.575690051565014649e+01 6.280733569809833483e+01
1.714362531612309795e+02 1.582711761421486507e+01 6.299230137616185488e+01
1.718587348507242041e+02 1.597331428383748886e+01 6.329161329523434176e+01
1.711433950799750505e+02 1.573794134069038009e+01 6.260492659375307767e+01
1.678224045061910772e+02 1.440032679738562038e+01 5.980442079679443168e+01
1.641696127697310033e+02 1.308507570532400521e+01 5.680418924688803628e+01
1.627063076822018672e+02 1.246461556146746830e+01 5.565967254573521217e+01
1.624370578382106487e+02 1.234185798272407730e+01 5.534213222977633251e+01
1.627912750024632942e+02 1.229559069859099374e+01 5.567258022136827833e+01
1.635040168161066845e+02 1.248639767464774941e+01 5.629726245607120916e+01
1.643360593818767086e+02 1.272719643971491443e+01 5.704876506716589546e+01
1.653503793477189845e+02 1.308958025421223681e+01 5.790896804282851917e+01
1.666393585574933525e+02 1.352264426708706857e+01 5.903818438598219842e+01
1.677353860807304500e+02 1.394243767858902316e+01 5.992973363549774746e+01
1.680888215587742707e+02 1.407921305875784235e+01 6.022696981640227420e+01
1.678005123657503077e+02 1.389359214372516149e+01 5.999538213945544385e+01
1.674388051367950823e+02 1.373663743554373085e+01 5.966140670673629387e+01
1.671221171215554762e+02 1.358945544717049358e+01 5.936832528656353958e+01
1.668847357703550358e+02 1.358856373370118575e+01 5.909026669294183165e+01
1.670392173284724322e+02 1.367534075606792143e+01 5.913567510756396217e+01
1.675376621670443740e+02 1.391758301310473911e+01 5.959100896640062928e+01
1.682656829901139588e+02 1.426743357309422855e+01 6.024439517850691317e+01
1.690208674089401200e+02 1.460508917134693085e+01 6.085995828817289066e+01
1.698140243702171119e+02 1.492866784904916777e+01 6.152887640818471482e+01
1.703673646007816842e+02 1.519969290898939107e+01 6.196161198147600402e+01
1.706896098137747515e+02 1.532784346569448530e+01 6.225195093112621691e+01
1.708750533714323296e+02 1.539733471277958365e+01 6.240479193352382481e+01
1.709665024468748982e+02 1.554504384668440231e+01 6.246565014615561751e+01
1.710051302262948809e+02 1.561238874109107577e+01 6.255977600420402496e+01
1.710750730778073319e+02 1.573982494170197377e+01 6.270782835747364459e+01
1.712355322363451364e+02 1.584032745426478783e+01 6.287576115873485350e+01
1.716104312411731883e+02 1.602904555457023505e+01 6.319292212697474298e+01
1.718658767694682581e+02 1.615097053896935719e+01 6.342631786382894887e+01
1.704615988438926593e+02 1.545760009196308360e+01 6.226069399284001804e+01
1.662780454560383703e+02 1.372499753670312295e+01 5.871430025946727227e+01
1.627073340559004180e+02 1.239622458698722340e+01 5.592197589253456869e+01
1.613039888987420625e+02 1.186400302164416942e+01 5.483827142247183417e+01
1.608390399710973213e+02 1.167563470949518845e+01 5.452249646927447913e+01
1.609145006076132347e+02 1.172966630538312494e+01 5.457485138108845035e+01
1.612631375833415461e+02 1.185569185798272329e+01 5.489299602588103966e+01
1.617818077314678078e+02 1.200462114494038879e+01 5.530518606102407375e+01
1.623602473150064043e+02 1.218357802082307018e+01 5.568953755706638020e+01
1.632389923473577085e+02 1.238894800801392648e+01 5.639347883206884404e+01
1.639990048280618851e+02 1.261059381876703789e+01 5.706632344730186901e+01
1.643496567806352004e+02 1.270878740105757565e+01 5.730905015272440295e+01
1.643080237790258593e+02 1.263491805432390791e+01 5.731357440798765168e+01
1.639987141590304418e+02 1.251822675468847557e+01 5.705541596873255372e+01
1.637016339869281012e+02 1.242285939501428693e+01 5.677438663907773986e+01
1.635783410516635570e+02 1.246840903865733985e+01 5.660062239301080211e+01
1.637341807074588758e+02 1.255889414392222569e+01 5.666987387919991903e+01
1.643134036194041983e+02 1.275873649292212697e+01 5.696869478109501728e+01
1.648700036128354327e+02 1.298568660294938759e+01 5.748816467960718768e+01
1.655598613984957410e+02 1.334631819226853189e+01 5.812004466778336109e+01
1.662218609386803223e+02 1.365050579695864919e+01 5.864224061483889727e+01
1.668831904621144986e+02 1.392991099287286083e+01 5.925502184123230620e+01
1.674543551088777349e+02 1.419237363287023435e+01 5.973495418267809498e+01
1.680102620947876630e+02 1.441012086576674278e+01 6.017208263539922086e+01
1.683484760403323719e+02 1.455416789831510549e+01 6.049228002758892586e+01
1.686099336552041166e+02 1.467620290997471066e+01 6.077133871974250212e+01
1.687892649522120507e+02 1.474136696554668724e+01 6.091632180510394790e+01
1.689596101422143306e+02 1.479190067986993817e+01 6.103160574112391856e+01
1.691626252175912271e+02 1.490383124774197832e+01 6.120532729004499828e+01
1.694898758498374320e+02 1.509427529805892121e+01 6.156763063684434911e+01
1.702515880053863953e+02 1.553015239596676267e+01 6.230787269681741947e+01
1.710101832692876087e+02 1.588992511577495392e+01 6.296995763129372392e+01
1.700006486681774902e+02 1.540516635464906159e+01 6.199286957664137532e+01
1.659190511380431587e+02 1.372817847406969527e+01 5.853603639110585277e+01
1.620737757414523514e+02 1.227796827273622959e+01 5.543593129043912171e+01
1.605062534896705699e+02 1.174535093769501159e+01 5.421281078595592362e+01
1.600113262390383397e+02 1.159782901435280955e+01 5.388377672677111008e+01
1.598955397904555582e+02 1.158010969882090180e+01 5.383664236213748211e+01
1.599811295037278001e+02 1.162160639800308815e+01 5.388622195947055360e+01
1.601995352579892824e+02 1.164327848392288267e+01 5.403084868788386075e+01
1.607532039281374239e+02 1.167408940125463879e+01 5.449618353203928223e+01
1.615639077741649317e+02 1.177381022760863161e+01 5.517152921470095350e+01
1.622898545012645002e+02 1.198149078726968142e+01 5.570833087003645545e+01
1.626205110519919970e+02 1.207923933392452476e+01 5.601629881433310487e+01
1.626909991132131381e+02 1.209876835156173058e+01 5.606908726639734653e+01
1.626116579630177057e+02 1.206912339475153573e+01 5.599419647255887611e+01
1.623563257463789569e+02 1.198010805662298495e+01 5.576821197490721715e+01
1.621457549183827496e+02 1.192421749269221998e+01 5.560362597300226639e+01
1.622030840476894298e+02 1.194208296383880175e+01 5.567771537425690553e+01
1.624592422898807627e+02 1.206391270075869571e+01 5.588777383650277386e+01
1.628396213091601794e+02 1.225649160836864127e+01 5.616346930732091636e+01
1.633840312674483641e+02 1.243560941964725508e+01 5.653546819062633233e+01
1.641162281998226433e+02 1.268648963773113891e+01 5.709582881728906045e+01
1.647321690150097027e+02 1.294119289256741290e+01 5.759924787335369700e+01
1.651710398397214874e+02 1.304827404998850504e+01 5.799038328899398920e+01
1.654817371169573335e+02 1.312110060104443754e+01 5.826251847472657630e+01
1.657334614247709226e+02 1.318395079975038620e+01 5.847832134528853487e+01
1.660802377902584794e+02 1.329569579925772693e+01 5.870490688737806551e+01
1.664409547738693504e+02 1.346960127434558352e+01 5.909065589384832862e+01
1.666780158964758414e+02 1.356390941636285952e+01 5.931366308667520570e+01
1.670748661608697034e+02 1.375611226064965287e+01 5.962060137287745931e+01
1.675934049331625317e+02 1.401194370545538170e+01 6.002499589450520290e+01
1.679992954970932999e+02 1.417887969258054959e+01 6.034852366407199042e+01
1.684811327881236309e+02 1.435834236542187980e+01 6.072645088186028062e+01
1.689430600715998310e+02 1.468911551220153022e+01 6.107294150491016893e+01
1.693735507603376220e+02 1.491516733996781241e+01 6.143926331001411967e+01
1.697488833054159727e+02 1.514775675764443186e+01 6.177129930699248206e+01
1.701498045784477995e+02 1.541892468880349476e+01 6.215438466844024390e+01
1.706788189312575810e+02 1.564181528557821821e+01 6.256729398627122407e+01
1.707563323151706243e+02 1.567838703320524196e+01 6.266635300686439081e+01
1.681373090944920818e+02 1.460377541301277660e+01 6.032623739613098479e+01
1.630449272506322416e+02 1.269414556442342423e+01 5.615113968535487743e+01
1.600475908956547357e+02 1.165241895753276147e+01 5.388495910927184696e+01
1.589585919795053712e+02 1.123893158603474873e+01 5.307348999901468289e+01
1.586379347718986992e+02 1.108805136795086632e+01 5.290374585345026048e+01
1.587655039905409353e+02 1.109832660032187057e+01 5.309469570072585043e+01
1.591193565868558437e+02 1.121523467008243813e+01 5.337844122573652328e+01
1.597788172890596741e+02 1.135433868689854542e+01 5.380664433277498659e+01
1.604620307419450285e+02 1.160552435379512026e+01 5.436958813676223912e+01
1.615573586888691864e+02 1.188523171412618673e+01 5.522283147764968447e+01
1.624095772982559822e+02 1.214693073209183183e+01 5.598125431076953618e+01
1.627096265641935133e+02 1.225734062469208752e+01 5.627836240023647463e+01
1.625371415903044578e+02 1.221536440371793653e+01 5.619696521824810276e+01
1.622671461884586392e+02 1.210824711794265518e+01 5.593511840246986822e+01
1.621100765264229722e+02 1.201457779091536082e+01 5.583486386179261984e+01
1.621868344992938660e+02 1.197125496764870078e+01 5.567543600354714783e+01
1.624403290964627047e+02 1.200861825467205257e+01 5.575411699017965361e+01
1.628936545472460296e+02 1.215350445035635651e+01 5.609135382796334568e+01
1.634477666108319340e+02 1.232609452491214164e+01 5.647501067428646593e+01
1.640428646500476191e+02 1.250547673005550564e+01 5.692671363352711467e+01
1.645481393897592568e+02 1.264518179130948816e+01 5.747304496337898883e+01
1.650862449502413938e+02 1.282765789732978590e+01 5.798604788649127784e+01
1.656227247347850380e+02 1.300531579465957321e+01 5.839021250041054856e+01
1.660325122343744795e+02 1.316116530364239523e+01 5.872779419975695703e+01
1.661830196735310494e+02 1.338562912602226795e+01 5.882607317633921440e+01
1.662948730581009613e+02 1.359450192137156321e+01 5.895552763819095787e+01
1.664670542253752501e+02 1.377369527375439340e+01 5.911451702959240606e+01
1.667200610897625381e+02 1.391357276578973234e+01 5.929760567543600303e+01
1.670337882221565451e+02 1.403739941537754099e+01 5.952631457943311233e+01
1.676276447597464312e+02 1.415965283936020036e+01 5.984475974644464458e+01
