1.775177118132717169e+02 2.680267259267980506e+01 7.503470249746132481e+01
1.771279003370174792e+02 2.676992155881617208e+01 7.490600008830152490e+01
1.769883500860939876e+02 2.674589177177000465e+01 7.482247715198163007e+01
1.768542244918983215e+02 2.676128714182695845e+01 7.480556593916024610e+01
1.767857672666264364e+02 2.676354030228553782e+01 7.473729856215690859e+01
1.767557270894347141e+02 2.686109287848239191e+01 7.465098676948888112e+01
1.766977644998454764e+02 2.705844236118265300e+01 7.447982457431308490e+01
1.767055247317841236e+02 2.716114438770254225e+01 7.440695374472031176e+01
1.767449969830313989e+02 2.727404965488822342e+01 7.438305788164652199e+01
1.767255191393545033e+02 2.741635491324375806e+01 7.433525585365494237e+01
1.767684778289599592e+02 2.757212468174660458e+01 7.439470632386054660e+01
1.768015820689046222e+02 2.765734889402346042e+01 7.446081178530957345e+01
1.768494841719524970e+02 2.773427129170407213e+01 7.453227420565424666e+01
1.768980279327142284e+02 2.776228642069787611e+01 7.452142194881454884e+01
1.768776067344626028e+02 2.777356546821881267e+01 7.446811726441890755e+01
1.765107021442552480e+02 2.753589898306082517e+01 7.414317061325405689e+01
1.750548131687000648e+02 2.657782307318724335e+01 7.276568602922780826e+01
1.724056660142165356e+02 2.449151716728723116e+01 7.003879674461728655e+01
1.710641863750754226e+02 2.312626528720069530e+01 6.849427364641127269e+01
1.710225816421139484e+02 2.284693814478506013e+01 6.837092378107109880e+01
1.721124225522082725e+02 2.352104078058543735e+01 6.947916819967916524e+01
1.737592944708531491e+02 2.470602363537359025e+01 7.121485378739937744e+01
1.746230687721673576e+02 2.539319489617212966e+01 7.213552075821571918e+01
1.750107021442552480e+02 2.561589280195440566e+01 7.271614740467114757e+01
1.752945282491280352e+02 2.588876510323919433e+01 7.316000088301520066e+01
1.755393044783587584e+02 2.609043105858805944e+01 7.346964193733535353e+01
1.756958895642320044e+02 2.612320416783175503e+01 7.361186625263064798e+01
1.756932258017042159e+02 2.628326980529514856e+01 7.353158545379622524e+01
1.756441860807370290e+02 2.639718906827179268e+01 7.357301505540920061e+01
1.756695801262711711e+02 2.648719775125461595e+01 7.352753830078441410e+01
1.756891065357841910e+02 2.658028815729444005e+01 7.352986063076718892e+01
1.757521391043282506e+02 2.668826767134174105e+01 7.362718215131937427e+01
1.758502214896466569e+02 2.672599596756390739e+01 7.374779614122356008e+01
1.760237015997292076e+02 2.680886988770989987e+01 7.389963649207493290e+01
1.761290924075409521e+02 2.689310217957585891e+01 7.399963060530691905e+01
1.762383655388600232e+02 2.703348982324979133e+01 7.411679200576902815e+01
1.763280754683659666e+02 2.709874906179634735e+01 7.419049581303625018e+01
1.764187272807546947e+02 2.717309305508543105e+01 7.427785692210333934e+01
1.764799305361374024e+02 2.724090862264345247e+01 7.416261902309084064e+01
1.764846841013112737e+02 2.733880557476931372e+01 7.416842043297178577e+01
1.765202887459712429e+02 2.743731033569294553e+01 7.415553724116617218e+01
1.765534533252880749e+02 2.748276059986165976e+01 7.420685366966401375e+01
1.765988152879365316e+02 2.751609883883500984e+01 7.427009669016467797e+01
1.766692769577182958e+02 2.755254381962942745e+01 7.433163107624835675e+01
1.765902529838555495e+02 2.751263594754889752e+01 7.428308584379460910e+01
1.761336929167463836e+02 2.724676448512855131e+01 7.389599405436430857e+01
1.746851344390645977e+02 2.627505629221916550e+01 7.251707015555784608e+01
1.725209289319931258e+02 2.456923575034216967e+01 7.022722041531147852e+01
1.718021133497181836e+02 2.380406481331586832e+01 6.931478167449115801e+01
1.724150289187478791e+02 2.424582701732181533e+01 6.990116852345141751e+01
1.737273366789798104e+02 2.518268848695344886e+01 7.129470926724455637e+01
1.746300284036556718e+02 2.586566395384773998e+01 7.218382021810475635e+01
1.750615917820718437e+02 2.621594578286656230e+01 7.270353647588632384e+01
1.753761968535224867e+02 2.635782572223284959e+01 7.309741865222446222e+01
1.755934097632047610e+02 2.649892124976085128e+01 7.343005636580376461e+01
1.757057028065166548e+02 2.659308893434781851e+01 7.366814375487497557e+01
1.757297252351027907e+02 2.667023650090509079e+01 7.373040662850078775e+01
1.756736199208229721e+02 2.675169465334294827e+01 7.374351057410704868e+01
1.756936805545335574e+02 2.682647426746530428e+01 7.376229083577388224e+01
1.757427658979528644e+02 2.687206434237442920e+01 7.382713211379122242e+01
1.759390410454900007e+02 2.697354780791475903e+01 7.383424627293999265e+01
1.759803514400506401e+02 2.703828606749179642e+01 7.398947740216927116e+01
1.760725706044239018e+02 2.718182313205492306e+01 7.398858408512266749e+01
1.761104475415385195e+02 2.726295898394383954e+01 7.404869828842220159e+01
1.761787369939219161e+02 2.741470514650693957e+01 7.409213380623702960e+01
1.762489661363669882e+02 2.749342742350880897e+01 7.417468248245006635e+01
1.762965680142459917e+02 2.755288966725043664e+01 7.418277531678170078e+01
1.763474517652945508e+02 2.760021781041663758e+01 7.425172261549103325e+01
1.764262741173527331e+02 2.763170024577256356e+01 7.431510397504010257e+01
1.764643644498079311e+02 2.769126403626249200e+01 7.439712725720761455e+01
1.764548587911521906e+02 2.775809062679362427e+01 7.448612194439947132e+01
1.764661937629692829e+02 2.780602510706559372e+01 7.454925753138383016e+01
1.763339901985312395e+02 2.782590030758363042e+01 7.436816435856303542e+01
1.757742130127006988e+02 2.754693372970904619e+01 7.381102591649619171e+01
1.739187434693667171e+02 2.620886105755787554e+01 7.198172011361462808e+01
1.713827208641775428e+02 2.408586734168273225e+01 6.919695801262712109e+01
1.705473855391543623e+02 2.320585291910109049e+01 6.809692416371102297e+01
1.709798569515371867e+02 2.330684778289599635e+01 6.885200959543186627e+01
1.723691695242019648e+02 2.411461242991066811e+01 7.050739819570560485e+01
1.737653637286788637e+02 2.503310571163666864e+01 7.202080678155675741e+01
1.744678670767781625e+02 2.552946621731004129e+01 7.275003164137808653e+01
1.749132879071067919e+02 2.584122356473237403e+01 7.323048021310100353e+01
1.751999205286317647e+02 2.614475121046667283e+01 7.323998881514076231e+01
1.754100089773212403e+02 2.635292351616653761e+01 7.334506173747958258e+01
1.755151304654961848e+02 2.654712799305361415e+01 7.340562775022443986e+01
1.755796965371087026e+02 2.663435370645631295e+01 7.346804809489469790e+01
1.756498094158854428e+02 2.668842219900219348e+01 7.349254293661422821e+01
1.756479227067359261e+02 2.671530559684469353e+01 7.355610972935583902e+01
1.756743881440492032e+02 2.679059735978454526e+01 7.361401492295692606e+01
1.757590796038205099e+02 2.684249069154807188e+01 7.367311218708148601e+01
1.757840527454414428e+02 2.683801086108699252e+01 7.365752991213999223e+01
1.757874891462714686e+02 2.687715786840130150e+01 7.370778230731872327e+01
1.758163961206198849e+02 2.704585350777789188e+01 7.365711342330277489e+01
1.758452398122120997e+02 2.713880410307730884e+01 7.368772461699215626e+01
1.759077219679465429e+02 2.725540773226979141e+01 7.378394972700112930e+01
1.759892669502126523e+02 2.729592488484010104e+01 7.382927784073349642e+01
1.760575240253719755e+02 2.729604997866046645e+01 7.387582304375339959e+01
1.761465113541038079e+02 2.725560493899836700e+01 7.381443729856215441e+01
1.762285493531913687e+02 2.724169156278973958e+01 7.383581656830858719e+01
1.762732917335059994e+02 2.726944914568279188e+01 7.391601348069876565e+01
1.762345229510368085e+02 2.730415458652813143e+01 7.388378931257265947e+01
1.756848504025077773e+02 2.701969712578551608e+01 7.345483965915613567e+01
1.734219723616241708e+02 2.542995481905546740e+01 7.130105373147507919e+01
1.702586954922073801e+02 2.301829018822940753e+01 6.788485040250776592e+01
1.689379255029507476e+02 2.193591958674888431e+01 6.637802175160781815e+01
1.691429998969815642e+02 2.199544952832271250e+01 6.651653445966827860e+01
1.704223520581612661e+02 2.271252115557256346e+01 6.763947077955525344e+01
1.720573488940234483e+02 2.374601097882235123e+01 6.918225433781218214e+01
1.734266346818937734e+02 2.422940734962987008e+01 7.074585939454590289e+01
1.740926650870505910e+02 2.444957983193277329e+01 7.157785545041133446e+01
1.744216677213792650e+02 2.464477770092275222e+01 7.199251644615814882e+01
1.746632960014128173e+02 2.476770224727368941e+01 7.231845648942589833e+01
1.748036571546306845e+02 2.487481346303845697e+01 7.249759967034098906e+01
1.747674314559448874e+02 2.510413251114806599e+01 7.228742292013127724e+01
1.747218222490397181e+02 2.511893773271129859e+01 7.205872198266347084e+01
1.746202357650590784e+02 2.505135616418196065e+01 7.174638037351543574e+01
1.746410631503038928e+02 2.520646072789886460e+01 7.179831049757906669e+01
1.749864545467924586e+02 2.542757509308452057e+01 7.246244536343434106e+01
1.753235588456047935e+02 2.571222681717170389e+01 7.298175396253071767e+01
1.755031450058131952e+02 2.585164020073878888e+01 7.326446893994024379e+01
1.757628015128993866e+02 2.589130965871462564e+01 7.333277605262770749e+01
1.756847959499036165e+02 2.591494356061163629e+01 7.337469719937011803e+01
1.756882235205816016e+02 2.615194189759967003e+01 7.322517476342551390e+01
1.757630899645322131e+02 2.629154365774330770e+01 7.316291630487572206e+01
1.757983355163431440e+02 2.641870373368261582e+01 7.313613003870550244e+01
1.757842661407820515e+02 2.649813095115454331e+01 7.312153379740688308e+01
1.758269731710547603e+02 2.658335369173939355e+01 7.316520920101841341e+01
1.758934436121208478e+02 2.660446805692504668e+01 7.322235058646926120e+01
1.759149185418475554e+02 2.661174115881028257e+01 7.321709075924590593e+01
1.755547778480919590e+02 2.644112496136808588e+01 7.290764985503834339e+01
1.733670429292557742e+02 2.506390233851859506e+01 7.095701923501449926e+01
1.691534135896039572e+02 2.208391440639303127e+01 6.665688531104210313e+01
1.664021324817142329e+02 2.017851035335324994e+01 6.378348320063577148e+01
1.652487910050184610e+02 1.916495459830166581e+01 6.267280460345259030e+01
1.652251747634255139e+02 1.902165594784323588e+01 6.265111775007726180e+01
1.662687250732166717e+02 1.961565880292572217e+01 6.374610663880262962e+01
1.680293367084136662e+02 2.062311880969550515e+01 6.553367819982634046e+01
1.699944296457637449e+02 2.177477814243035326e+01 6.730962339401609995e+01
1.714692195617301138e+02 2.253118662526306437e+01 6.901832256545350219e+01
1.721219134939439925e+02 2.285829372029021656e+01 6.981614740467115610e+01
1.724644424494841815e+02 2.309623982692902189e+01 7.033304684395649531e+01
1.726082311733800339e+02 2.316381550869034101e+01 7.056559184093953263e+01
1.726369306391558496e+02 2.318582319092260491e+01 7.064327804677037648e+01
1.725042929255765216e+02 2.355560052392235448e+01 7.041549544511325109e+01
1.725071347628368414e+02 2.378457372441095430e+01 7.038979823102620514e+01
1.726480154233321969e+02 2.404132805486467817e+01 7.055589927739922018e+01
1.730074820821498349e+02 2.433477755375355045e+01 7.085343566498403334e+01
1.733003237722409438e+02 2.455118544790946089e+01 7.106898114762542207e+01
1.735462111289349423e+02 2.472951625483818816e+01 7.124995364170186463e+01
1.737039720967196104e+02 2.492046682070376207e+01 7.147334177103415698e+01
1.738351719672106981e+02 2.506248068404244478e+01 7.165696036733432095e+01
1.739417725058499684e+02 2.520166006858084629e+01 7.181380741438431414e+01
1.740713343831402824e+02 2.533388865178295646e+01 7.186306641746016055e+01
1.741551428277090281e+02 2.538924487483259540e+01 7.192587087374354837e+01
1.741912713947225200e+02 2.548893876289569960e+01 7.197301505540920630e+01
1.742232439035158791e+02 2.557419682408865569e+01 7.204293514253336639e+01
1.742138957159045844e+02 2.560697434840836451e+01 7.203188715065711278e+01
1.741921264477770137e+02 2.566052333367672844e+01 7.210844604041265882e+01
1.742319960558654373e+02 2.575455267921529412e+01 7.213365023767825335e+01
1.742375664101016923e+02 2.585301328937879717e+01 7.219081664189317848e+01
1.740718656639538438e+02 2.578542583408144395e+01 7.204438623084961080e+01
1.727547292822558234e+02 2.494509852977968833e+01 7.091987520051803529e+01
1.691776170363066285e+02 2.255558875038632038e+01 6.733486732696580646e+01
1.664703851417975216e+02 2.065146948446628983e+01 6.450432235941661929e+01
1.654359961147331148e+02 1.981685234514120708e+01 6.332257134026990997e+01
1.655510647691651229e+02 1.984341491412677172e+01 6.338393942515710222e+01
1.668267568323301191e+02 2.053594313382095393e+01 6.458378931257266231e+01
1.689596506203181718e+02 2.150793094821115758e+01 6.675062473325581891e+01
1.707609574828179859e+02 2.253637433957821301e+01 6.866245860866237649e+01
1.716544673210790393e+02 2.314302785912964211e+01 6.974334721629458045e+01
1.720254234793742398e+02 2.351755139884324919e+01 7.018982030640627556e+01
1.722813992847576969e+02 2.370678155675580356e+01 7.050766310026637029e+01
1.723907563025209981e+02 2.393357812477004742e+01 7.048550089037365751e+01
1.723645425245404681e+02 2.407094732814316629e+01 7.034061722762660906e+01
1.722612812550589467e+02 2.406829092407540927e+01 7.023568411602819594e+01
1.721707545364905911e+02 2.406094865266597083e+01 7.019462243741629948e+01
1.722237486938733468e+02 2.418170098161856529e+01 7.023551339975570329e+01
1.724516990684189750e+02 2.436830858437945935e+01 7.056547852065519066e+01
1.728168935525173424e+02 2.456492516446158092e+01 7.089230305081753158e+01
1.730944929285199123e+02 2.475521935569324228e+01 7.119954377547867352e+01
1.733906709443847660e+02 2.487246022752358243e+01 7.135770357179649181e+01
1.734105682202828689e+02 2.499527145359019187e+01 7.150397062502759127e+01
1.734653284080707465e+02 2.517065887651032341e+01 7.152069640465643374e+01
1.735155366524893736e+02 2.528326244683512769e+01 7.154152526159325021e+01
1.735543598875627254e+02 2.538608368040736352e+01 7.157189215440992314e+01
1.735911080369100432e+02 2.546648074291012520e+01 7.162746177280018856e+01
1.736043032274205586e+02 2.553969153335589937e+01 7.174005945635697401e+01
1.737042325862043697e+02 2.553932655373883520e+01 7.179625748723307765e+01
1.737625984194027922e+02 2.556751239900513539e+01 7.178551855067770759e+01
1.738175072480831318e+02 2.564678508881661401e+01 7.185546512825796128e+01
1.737820409424715535e+02 2.560718627205698539e+01 7.181859188509028513e+01
1.728774889991022690e+02 2.507231453001515931e+01 7.101699215588162417e+01
1.694033701746898544e+02 2.285492648898438617e+01 6.769779246199355782e+01
1.661470396915333652e+02 2.056980971022384352e+01 6.421355281166756868e+01
1.645425907666043770e+02 1.943316605100884331e+01 6.246025254234793778e+01
1.642008064872183581e+02 1.914599037513429280e+01 6.200273440374398604e+01
1.648439373647883031e+02 1.949851800615167363e+01 6.261064327657507533e+01
1.666426658228965891e+02 1.998377165226861152e+01 6.463902044180194650e+01
1.688307465893537938e+02 2.097603349571001630e+01 6.683892478182166030e+01
1.704657728590560453e+02 2.187413942810048795e+01 6.860551884501612108e+01
1.712756479124048781e+02 2.237145064680863626e+01 6.949756140634887913e+01
1.716443538536255176e+02 2.269752167066476289e+01 6.999281225625101399e+01
1.717127566262932419e+02 2.316989212497608364e+01 6.988039264742674561e+01
1.714865237163166398e+02 2.333842440654019867e+01 6.964489396459109116e+01
1.711308422493340515e+02 2.321913935451588529e+01 6.923167228362447645e+01
1.709107109744072659e+02 2.311624600803543927e+01 6.894807134762837109e+01
1.709680142459785941e+02 2.327763469661069351e+01 6.904345464981088298e+01
1.711931536887960021e+02 2.343022561038425877e+01 6.943888210275353856e+01
1.716050228848106656e+02 2.370296987446467085e+01 6.997307686647339153e+01
1.721175558139192674e+02 2.402658464436562724e+01 7.048710209127433757e+01
1.724342918953921355e+02 2.423188126388909325e+01 7.078150524658200027e+01
1.726200047094144168e+02 2.432782233734124233e+01 7.095845560641069483e+01
1.727676948888136792e+02 2.447013642584879989e+01 7.107323433751784592e+01
1.728580523628015158e+02 2.457643673931919537e+01 7.114328393353838464e+01
1.729160561597668959e+02 2.461123931183681890e+01 7.115740629001162176e+01
1.729928402183990954e+02 2.471396047035276311e+01 7.128164211393838912e+01
1.731001324522803770e+02 2.475850270055482838e+01 7.138728752446688475e+01
1.731663114983296339e+02 2.480560125976835550e+01 7.147564349732887479e+01
1.732066270290953582e+02 2.493225065858217349e+01 7.154903824927518485e+01
1.732635182269054610e+02 2.504943854950036197e+01 7.161902309084754847e+01
1.729952979440462570e+02 2.489859453413589563e+01 7.140154086152850255e+01
1.706141120546292029e+02 2.338509764676448555e+01 6.920206772726604072e+01
1.665166345347245738e+02 2.065369615446879337e+01 6.498695786545791009e+01
1.637545718112113491e+02 1.882155440109493938e+01 6.210591620185727635e+01
1.622637124902500432e+02 1.786238649575416915e+01 6.045459830166742421e+01
1.622443170613254040e+02 1.776449543039632673e+01 6.034414634505290564e+01
1.632918365244521510e+02 1.832883486144019614e+01 6.134823029036483177e+01
1.652210496107374524e+02 1.887556844103665910e+01 6.343512781645057430e+01
1.672819320372632319e+02 1.976896495901337758e+01 6.557047638670178458e+01
1.693553370910535705e+02 2.088423817863397502e+01 6.763516902382669116e+01
1.704150495224359361e+02 2.156362860380579605e+01 6.880327745809357509e+01
1.709071744985209591e+02 2.192064636712828829e+01 6.932543525291026754e+01
1.711550471677287248e+02 2.246038352293631846e+01 6.943879232954127190e+01
1.713396871182798975e+02 2.278638243388423845e+01 6.947489734948270268e+01
1.714663512340137572e+02 2.300728781880528118e+01 6.954897349482699553e+01
1.715536784941647284e+02 2.311700098603364140e+01 6.966781115248200251e+01
1.717891418563922912e+02 2.326487071185742295e+01 6.988634416989212639e+01
1.723487939484024878e+02 2.348285037307392287e+01 7.024858202475385838e+01
1.729245640112437172e+02 2.378877687677522701e+01 7.069877555225242816e+01
1.733919513164285036e+02 2.409985135910756426e+01 7.122196794654814767e+01
1.738676065872934089e+02 2.433849210437239563e+01 7.155805530618552268e+01
1.740544599626190347e+02 2.451232689222799621e+01 7.179210437239694897e+01
1.741762071553665123e+02 2.473416680157176728e+01 7.194447600406186893e+01
1.742379519934068242e+02 2.492212983266862025e+01 7.203555313543981242e+01
1.742781909961883287e+02 2.510243859365112229e+01 7.222531457416592104e+01
1.743251217825133494e+02 2.528128007770533614e+01 7.243063915583746848e+01
1.743674108522568531e+02 2.545675285876171756e+01 7.256024224050391069e+01
1.744355752108198772e+02 2.559340534812874424e+01 7.253752814610957955e+01
1.744886841601789627e+02 2.570472854640980742e+01 7.263860100958071087e+01
1.745396017601436256e+02 2.578845016115027278e+01 7.269793963119398938e+01
1.745608912566777917e+02 2.592098191290526543e+01 7.271787664277620422e+01
1.741867783190333796e+02 2.571427688413368884e+01 7.249105211261387183e+01
1.723650222961338727e+02 2.467592606219370310e+01 7.076560802955157214e+01
1.691020103312778815e+02 2.225924148994098672e+01 6.741446820409424845e+01
1.674636712828739178e+02 2.103875112216515220e+01 6.558570251217825842e+01
1.673496401713049408e+02 2.080317002457725550e+01 6.530531280813551120e+01
1.682947696066167396e+02 2.135081752490838625e+01 6.615827605998616434e+01
1.699603040515681016e+02 2.206090303021383647e+01 6.802136749621038803e+01
1.714422360888313221e+02 2.285892066108404919e+01 6.963289084460403444e+01
1.721932375752402606e+02 2.335013024474238108e+01 7.046735639965268660e+01
1.725274102635800375e+02 2.357936393471574377e+01 7.093935893096292489e+01
1.727957306214955224e+02 2.382573400638714389e+01 7.122358386436886235e+01
1.729075600818260625e+02 2.405740923339563508e+01 7.118621613268774695e+01
1.729335118986298596e+02 2.429149656359917131e+01 7.119095056586557746e+01
1.729857775684704677e+02 2.445866311498329537e+01 7.116991861543216658e+01
1.730308628530221142e+02 2.453618743469366592e+01 7.118996306053068679e+01
1.731312381344832261e+02 2.470637831314662591e+01 7.133108802189877906e+01
1.732595314132658189e+02 2.484670708914038428e+01 7.148490779849592514e+01
1.734408968491074177e+02 2.493068477828959928e+01 7.169018234263933209e+01
1.736094099986754884e+02 2.507007755816862726e+01 7.180401477578772074e+01
1.737310541729826809e+02 2.517869578654579144e+01 7.200756891197809750e+01
1.738398519477843536e+02 2.530438269878879609e+01 7.215481316870005912e+01
1.739444921926739198e+02 2.539979984988741535e+01 7.225671017969359866e+01
1.740698303139118934e+02 2.545673961353368142e+01 7.226106050125829938e+01
1.740915156955952341e+02 2.551265213616094485e+01 7.227769503598287315e+01
1.740963443170613232e+02 2.560637684145461890e+01 7.238587175675874619e+01
1.741513061266538216e+02 2.569170260047977195e+01 7.245490294191232294e+01
1.742569515371822888e+02 2.571926297664424865e+01 7.249812064931050770e+01
1.743559522583113903e+02 2.571852565895009590e+01 7.251263594754890107e+01
1.744012980323477962e+02 2.576887371410911243e+01 7.256565512369571991e+01
1.744425201253881710e+02 2.584375193159575446e+01 7.261322609604262368e+01
1.742788105785221262e+02 2.574441124961368033e+01 7.249844147816745021e+01
1.730431191040339058e+02 2.504391823279224027e+01 7.131700834449365800e+01
1.695937173468336425e+02 2.260513179001898365e+01 6.775724293219914784e+01
1.670089331704660935e+02 2.065248348025725278e+01 6.496405392279503133e+01
1.658734580347025087e+02 1.978770106992008593e+01 6.370104490132305131e+01
1.658936982148375989e+02 1.975099559964090545e+01 6.365266008329776781e+01
1.670907268686809175e+02 1.998689899777774670e+01 6.506249981603849619e+01
1.690012671268156907e+02 2.082379137294147142e+01 6.701369998086799740e+01
1.707897599670340867e+02 2.177701805766089294e+01 6.884587116808194196e+01
1.716708060457107479e+02 2.242683630369836223e+01 6.987646617315928665e+01
1.720778422051832877e+02 2.277662511589574379e+01 7.036413486585527721e+01
1.722692695992582799e+02 2.314103518815582206e+01 7.042729694329570123e+01
1.723722644924870053e+02 2.344596094129420649e+01 7.047981427246905639e+01
1.724252189141856491e+02 2.361960588088124879e+01 7.048959366583761721e+01
1.724286744470117299e+02 2.374773580185138755e+01 7.049305214204771630e+01
1.724513929564820671e+02 2.381299651208994916e+01 7.055230540552473428e+01
1.726092157353309062e+02 2.398631473605204079e+01 7.070590148493722893e+01
1.728425569176882561e+02 2.423864957541685783e+01 7.089275927533886090e+01
1.730620583084372015e+02 2.451313926621436678e+01 7.123516313705867731e+01
1.733800821204138458e+02 2.463698067668398295e+01 7.141769268127566761e+01
1.734146153732946800e+02 2.480158206890461869e+01 7.157715345332529466e+01
1.735248436327245543e+02 2.498236471471250653e+01 7.166880454458491556e+01
1.736477269716993703e+02 2.513280107139177844e+01 7.175884266140782586e+01
1.737489970418990595e+02 2.520616933288201622e+01 7.187511515989933741e+01
1.738736567131230686e+02 2.529646499580567820e+01 7.193475989344949539e+01
1.739109744072760577e+02 2.538532870240916139e+01 7.200353353250231692e+01
1.739707824986386981e+02 2.546062929550103604e+01 7.207709017056910739e+01
1.740042075674402895e+02 2.550691842411220023e+01 7.209585424362389006e+01
1.740170304198737199e+02 2.565821424892198621e+01 7.214895289113894705e+01
1.740891447997763066e+02 2.573934715742689505e+01 7.227514900881543269e+01
1.741216530044592332e+02 2.574630090214719758e+01 7.225518697846914051e+01
1.738078338165388743e+02 2.561864928107845429e+01 7.204581818716978603e+01
1.721620524216691877e+02 2.454249363493208236e+01 7.054417872227699604e+01
1.686341123489676193e+02 2.190127742865972849e+01 6.678125947401727558e+01
1.662549323757523894e+02 2.016412750739525350e+01 6.422639038102106213e+01
1.653961706574048094e+02 1.952363978866502947e+01 6.320510235617889805e+01
1.657465613916319569e+02 1.936894141194130725e+01 6.389454296604806416e+01
1.670369968652960324e+02 1.984735610531427952e+01 6.531148802778554341e+01
1.688202872742792522e+02 2.073424038617198306e+01 6.717171849475342071e+01
1.705412029610443199e+02 2.176678979823102722e+01 6.891386186698848348e+01
1.714845104416547770e+02 2.241285670134953989e+01 6.989569382919542306e+01
1.718580950418696318e+02 2.293567381418416673e+01 7.001149832962957476e+01
1.720474296899145088e+02 2.326440418549206157e+01 7.006063518226905273e+01
1.721278267524172634e+02 2.342629030596476625e+01 7.013012112025195677e+01
1.721201239164667527e+02 2.353312190024871597e+01 7.005651150127300753e+01
1.719987917408644762e+02 2.348867385833492705e+01 6.995551958086211641e+01
1.718712372514680169e+02 2.349567028212335629e+01 6.998213071568382304e+01
1.719873566939910745e+02 2.365545335472192434e+01 7.020497284728251941e+01
1.723430896701938195e+02 2.391437401580597211e+01 7.057273837731239041e+01
1.726416238649575519e+02 2.411825781100531430e+01 7.094463641849033309e+01
1.729084269084166010e+02 2.430442979293293604e+01 7.124501169995143357e+01
1.731186654696905123e+02 2.453009904487188919e+01 7.134074232144696737e+01
1.732237133732652410e+02 2.473589603967681683e+01 7.134437151392955911e+01
1.733356281917320416e+02 2.487842646690900494e+01 7.139810887577448284e+01
1.734110936143283936e+02 2.498173924561067949e+01 7.154718980411779228e+01
1.735380093893950004e+02 2.508216603629192321e+01 7.160984414781674445e+01
1.736330659759525474e+02 2.502978115939896142e+01 7.163921912022252059e+01
1.736846222902470913e+02 2.498922132776052507e+01 7.167445142680540471e+01
1.736875038631915231e+02 2.504339578213071604e+01 7.174617286494282098e+01
1.737410572635358790e+02 2.505902220783234569e+01 7.183444789474458503e+01
1.737555490147022113e+02 2.509025004047153118e+01 7.188731401492294992e+01
1.735672680981324163e+02 2.507276781115248099e+01 7.169679171143063456e+01
1.718769135675285895e+02 2.404474679539066173e+01 7.013228156411426539e+01
1.681345891771769914e+02 2.154064518977468268e+01 6.635915318842073418e+01
1.655215249672548623e+02 1.968004091303771830e+01 6.359269010581465409e+01
1.641108110494635639e+02 1.875002281122606718e+01 6.210206919895804134e+01
1.640611576329305876e+02 1.839932596506203311e+01 6.229345685734889315e+01
1.650148949947754886e+02 1.863686294132363841e+01 6.330905384921043577e+01
1.666617639700363611e+02 1.942527925355781449e+01 6.500243417857511474e+01
1.687426775964326282e+02 2.057296501788105658e+01 6.709005872051096731e+01
1.703458947151540031e+02 2.159381300681393512e+01 6.869241489940985446e+01
1.709321564702939042e+02 2.214345317811888236e+01 6.923482170451367779e+01
1.711948019838408186e+02 2.242413427717847085e+01 6.953308069287260196e+01
1.712977718583054809e+02 2.257406731519227705e+01 6.966697081634755762e+01
1.711777171113629379e+02 2.257397901367201953e+01 6.960342904237000994e+01
1.709621377798054311e+02 2.244335604644659909e+01 6.938516975967269218e+01
1.707887533297031553e+02 2.244707648383346310e+01 6.906730047535651806e+01
1.708695801262711598e+02 2.257693711460065700e+01 6.909273425657478640e+01
1.712620185727531066e+02 2.291658891227243799e+01 6.944652754271585593e+01
1.719161930271232848e+02 2.327371558080324832e+01 6.980956158295191472e+01
1.721464142224315310e+02 2.350360711710253270e+01 7.013601524672915843e+01
1.723789827664866436e+02 2.374752387820277022e+01 7.053784014481449560e+01
1.726077204962545579e+02 2.397285169759672740e+01 7.083272454340755075e+01
1.727588102841837383e+02 2.409789548043385565e+01 7.100733049787341145e+01
1.729113526321211509e+02 2.421674638331689877e+01 7.115535622304963681e+01
1.730423214469675770e+02 2.427505334883515431e+01 7.128174218899468428e+01
1.730660112731607398e+02 2.444480419137882876e+01 7.127959940543642858e+01
1.730730297723292495e+02 2.462129538330218281e+01 7.132736905620392065e+01
1.731474326332985072e+02 2.469779687706956750e+01 7.135959911109803500e+01
1.731829931271983298e+02 2.473170318915657262e+01 7.134775199046343630e+01
1.729825663365170954e+02 2.464179899630605419e+01 7.124791829165992851e+01
1.716567661039897530e+02 2.387075895156661787e+01 6.996597153747663356e+01
1.680027608942000654e+02 2.145400226640568775e+01 6.638011891271395370e+01
1.650762601362786768e+02 1.942539404553415139e+01 6.321127168906091498e+01
1.635433928387467120e+02 1.837677081340417118e+01 6.151848445157397549e+01
1.633484996100016247e+02 1.819583216824382887e+01 6.127569500654902868e+01
1.642105917673549413e+02 1.840651812388703235e+01 6.247805412883192133e+01
1.659539316251894832e+02 1.910496401713049508e+01 6.434003443759290519e+01
1.681910550559978788e+02 2.031466982589883585e+01 6.652734698082385023e+01
1.697875862779437455e+02 2.132226670002501834e+01 6.819053849210436624e+01
1.705018307848533539e+02 2.179662246685013827e+01 6.893844353853626217e+01
1.707936349320814031e+02 2.224133835670870951e+01 6.907036895318547920e+01
1.709182563393133023e+02 2.237770828121090716e+01 6.902046387731975585e+01
1.706966695609942803e+02 2.231634902647573782e+01 6.878904325302801226e+01
1.702991405318694831e+02 2.208013362963399118e+01 6.834458785265420033e+01
1.700072480831211692e+02 2.192496283977689231e+01 6.807267656624821939e+01
1.700035968152585042e+02 2.196481625925326497e+01 6.818954657169346945e+01
1.703845634225669130e+02 2.224666735345626734e+01 6.863668486659112489e+01
1.709518948034555308e+02 2.261288466349762416e+01 6.922422846546675146e+01
1.714721408703586576e+02 2.298810725691327406e+01 6.975181091701128366e+01
1.718174204182548692e+02 2.325629810593239100e+01 7.015042016806722813e+01
1.720517461625630915e+02 2.347412471118044408e+01 7.029253263477019686e+01
1.722861263594755030e+02 2.366358886812167839e+01 7.044335751813859758e+01
1.724471898041177838e+02 2.379093879232954123e+01 7.052023134998307796e+01
1.725428012185609816e+02 2.387627190981471514e+01 7.064160031788547656e+01
1.726223152658611468e+02 2.401652710120825773e+01 7.068583202107463137e+01
1.727133482464789722e+02 2.415628633239635548e+01 7.077823809033245084e+01
1.727495091907165659e+02 2.424387555372411640e+01 7.082599596756391236e+01
1.723735639965267978e+02 2.409817510191466994e+01 7.046053363552076121e+01
1.698862588117558801e+02 2.257313720584556194e+01 6.814216397592312546e+01
1.663477519904634221e+02 2.014292778407335049e+01 6.451949697567293640e+01
1.640802852139104289e+02 1.853236986563452149e+01 6.241594431117455599e+01
1.629695521641230869e+02 1.772313941338356713e+01 6.139856804367981624e+01
1.631350807223064407e+02 1.774456577727413276e+01 6.161065357841911094e+01
1.642682511883913037e+02 1.833075100442979277e+01 6.268874744293514567e+01
1.660341888769518448e+02 1.928667382890108684e+01 6.444863059058999966e+01
1.683354309850034554e+02 2.037210996482656000e+01 6.652177368320357687e+01
1.698810607955967100e+02 2.120778966577874414e+01 6.796799217059853504e+01
1.705373853919851683e+02 2.161256972140870403e+01 6.861489057969947680e+01
1.708949285493531818e+02 2.181552635064533519e+01 6.898461051671105793e+01
1.709613048021309964e+02 2.190723042281711130e+01 6.907184800364979083e+01
1.706710635918115031e+02 2.201202078029109899e+01 6.872778848842514776e+01
1.702840704057454957e+02 2.200026931963678578e+01 6.838377753903662892e+01
1.700362757362139234e+02 2.196788032200620933e+01 6.815033922500698793e+01
1.700037807767590436e+02 2.205103239194101405e+01 6.819964679391897278e+01
1.703933611973686197e+02 2.237939778363184118e+01 6.866635417739774994e+01
1.710442626087212545e+02 2.275815096616580036e+01 6.935465275427158360e+01
1.715094968285037282e+02 2.304994039647382564e+01 6.985552841101414856e+01
1.718251100089773331e+02 2.326225404347378145e+01 7.021633283786368906e+01
1.722470588235294144e+02 2.341984135160193503e+01 7.042747648972023455e+01
1.723029139501685165e+02 2.351227243962383540e+01 7.062809312867003086e+01
1.723533870991478807e+02 2.377114159148773354e+01 7.063777391867429856e+01
1.723900116263668281e+02 2.395755493090405963e+01 7.066032171187214317e+01
1.724332543525291044e+02 2.407734624497784992e+01 7.077289143328084720e+01
1.724861528499315568e+02 2.421139236780526716e+01 7.080854170039293649e+01
1.723534253631399906e+02 2.409263859659450446e+01 7.063275986401565376e+01
1.701487144770342468e+02 2.275127669281372889e+01 6.857411735272042108e+01
1.660838938027049778e+02 1.991493178707560219e+01 6.437857363610943651e+01
1.631150362772079063e+02 1.807095468660318716e+01 6.137067065004635680e+01
1.613997189068271894e+02 1.706837481051965355e+01 5.966533135145476763e+01
1.611244227288113109e+02 1.691778245448792362e+01 5.944064224639067362e+01
1.619138751122165161e+02 1.733962236383169753e+01 6.020633416238649716e+01
1.635655035394192680e+02 1.789101532031376607e+01 6.195474694255985781e+01
1.655237928446334763e+02 1.876918571281402137e+01 6.392446687957144036e+01
1.673277914318091462e+02 1.970844898379667143e+01 6.579779687706957247e+01
1.685581509661658117e+02 2.046496342845369298e+01 6.707942427408791275e+01
1.690011817686794586e+02 2.083819187920352078e+01 6.765239812212099935e+01
1.689184550177338906e+02 2.092036380226346282e+01 6.748609545394339193e+01
1.684269496239826935e+02 2.067829548632062142e+01 6.695427158604246642e+01
1.678382860674917936e+02 2.035551958086211854e+01 6.641436371396194716e+01
1.675118956864707229e+02 2.015283227126226961e+01 6.603084077764205517e+01
1.676537712107610218e+02 2.024625380800306118e+01 6.609580273440374754e+01
1.680909961883177175e+02 2.048919778068845687e+01 6.655317517549927686e+01
1.688383213880998994e+02 2.095747398784382298e+01 6.726290305964768379e+01
1.695467115042164039e+02 2.149150392205919147e+01 6.800257398931552189e+01
1.701624453634343297e+02 2.186428939351572609e+01 6.859833698803514324e+01
1.705790651812388603e+02 2.213138236029963579e+01 6.903327201283315162e+01
1.709618022340284540e+02 2.234239061649178026e+01 6.937835288230878916e+01
1.712217839850476082e+02 2.257359195867488921e+01 6.965747545953583142e+01
1.713509705808768331e+02 2.271044754153850675e+01 6.983052730724513424e+01
1.714683085843794572e+02 2.284868945827017228e+01 7.003144858643983639e+01
1.716596476769341848e+02 2.299360255485731841e+01 7.025505452618875779e+01
1.717575622893640741e+02 2.309079898158913480e+01 7.030684925458800194e+01
1.708993657007461593e+02 2.268140664321770572e+01 6.958733167522700569e+01
1.671467630134365550e+02 2.045203167081193385e+01 6.601718789091819417e+01
1.632979352161179634e+02 1.800401477578772358e+01 6.206633798878570474e+01
1.607469175410969910e+02 1.649376738436179934e+01 5.977037631164549936e+01
1.596744617286494190e+02 1.590007505629221995e+01 5.877681937924031530e+01
1.597962574872330777e+02 1.592717773624335820e+01 5.890120973082753153e+01
1.607295103680701800e+02 1.635936805545335559e+01 5.977595549603378799e+01
1.621810210599125810e+02 1.705003899983811522e+01 6.112929991611355263e+01
1.639774213012700841e+02 1.780917599964679354e+01 6.276184049802057530e+01
1.655713991375884859e+02 1.862940587793786662e+01 6.436436150642393272e+01
1.666632724543407562e+02 1.921015320313764718e+01 6.542147492972671330e+01
1.670531692887312545e+02 1.953874082032112369e+01 6.583712637419240821e+01
1.668095689414119533e+02 1.938450749827076081e+01 6.565882352941176237e+01
1.658804367981868779e+02 1.905130318326980543e+01 6.474374604482774487e+01
1.650779849593077131e+02 1.861933803293646861e+01 6.390335398607779638e+01
1.647064901617389410e+02 1.843269216618346107e+01 6.345746074261578684e+01
1.647705779334500846e+02 1.854629943045519269e+01 6.352160738200709034e+01
1.652486659111981169e+02 1.883471279930536113e+01 6.402138662820644299e+01
1.658654196529750209e+02 1.927512251835935686e+01 6.469438549500360125e+01
1.665668089302270687e+02 1.977087963031096862e+01 6.545239517873699242e+01
1.673232527336678856e+02 2.020002796214808072e+01 6.622055070714800706e+01
1.679256309879468461e+02 2.056620259312131083e+01 6.683578124770048134e+01
1.683165359313602778e+02 2.086812315118691785e+01 6.722922633151334537e+01
1.686553326759775757e+02 2.107425569176882618e+01 6.750939381006342899e+01
1.689637242637860766e+02 2.128206301785162324e+01 6.772956629236632864e+01
1.692164211393839537e+02 2.144578728163769910e+01 6.795777274132069579e+01
1.694914126771549263e+02 2.158717273249054358e+01 6.814374457313573430e+01
1.695676742851256051e+02 2.173901308334191995e+01 6.831449322285831727e+01
1.695407379063709641e+02 2.180556593916025321e+01 6.833495562848607108e+01
1.679283079957026530e+02 2.090685808474002627e+01 6.678360387938012366e+01
1.641435414796391399e+02 1.863119987049110193e+01 6.309371293175764350e+01
1.603779290350115616e+02 1.650050479035747486e+01 5.942600626940793518e+01
1.577715139295648328e+02 1.517941985901190627e+01 5.702873772976791145e+01
1.569601554106756680e+02 1.454049802057425467e+01 5.639027064415959245e+01
1.570839335383890898e+02 1.455379475783308152e+01 5.658749503303948813e+01
1.578330291836524566e+02 1.484925164461581559e+01 5.733690414869975882e+01
1.589400844751210400e+02 1.532396356090597322e+01 5.839710371013554635e+01
1.604848960249599088e+02 1.603141915259974226e+01 5.983600200150112869e+01
1.617191040339077972e+02 1.667714462317326252e+01 6.094979322727339621e+01
1.621408747737273472e+02 1.693956055276751727e+01 6.136637036600980366e+01
1.621118324037145442e+02 1.690820026784794550e+01 6.132827120340255078e+01
1.615868533753256031e+02 1.661021795758583508e+01 6.081483024032730356e+01
1.609048300931580968e+02 1.625622746471618285e+01 6.016205683674520799e+01
1.605063518226905614e+02 1.607780394119118839e+01 5.981780452986799190e+01
1.604948520213689562e+02 1.610517299739510477e+01 5.992134983590634079e+01
1.608347510632974604e+02 1.630933935745927243e+01 6.028203505570354537e+01
1.614802278179222697e+02 1.666112525570648728e+01 6.088939940249304783e+01
1.623979160841219027e+02 1.709304184020368211e+01 6.168205713108361010e+01
1.630973229922441874e+02 1.751097587896805052e+01 6.225442317031891548e+01
1.636419505805824883e+02 1.781897746839541341e+01 6.273867165079692398e+01
1.641087963031096990e+02 1.809909049434134332e+01 6.316878246920484230e+01
1.646093673196073439e+02 1.837465452030199131e+01 6.360375870137897891e+01
1.650324655256148105e+02 1.862329982781203697e+01 6.402371484495725440e+01
1.653432353677022491e+02 1.882776052627706065e+01 6.433650532016659440e+01
1.655607440874773602e+02 1.893380770872271768e+01 6.454217722115116374e+01
1.657734212424023781e+02 1.903712343080839986e+01 6.469843853478343476e+01
1.660888843102915473e+02 1.919955554901470052e+01 6.499972773697921014e+01
1.661387717258532177e+02 1.924580935701776241e+01 6.505931801792520730e+01
1.639408983207994197e+02 1.823825516195970664e+01 6.302741615034805278e+01
1.602132010772785407e+02 1.627951257560817666e+01 5.957983193277311074e+01
1.571176941529676583e+02 1.471841381035776841e+01 5.667840586322094509e+01
1.555660112731607398e+02 1.396352264198148596e+01 5.521280666382139657e+01
1.552124004768282077e+02 1.376914450543790203e+01 5.491924384464819298e+01
1.555218399093437824e+02 1.375236868828091730e+01 5.523850240621642627e+01
1.562646852786648708e+02 1.392811667574210155e+01 5.590849019117278829e+01
1.571714226846605413e+02 1.426031582510412221e+01 5.674897938159502075e+01
1.583982383846708615e+02 1.479278135071892208e+01 5.773596520920101938e+01
1.594016306347407692e+02 1.527158162739701908e+01 5.872757214970051365e+01
1.597378607485025555e+02 1.553141915259974404e+01 5.912417401286258922e+01
1.594559154660112767e+02 1.531521140855641683e+01 5.904270555858069969e+01
1.587093113953111754e+02 1.497620421198251606e+01 5.849080192497314101e+01
1.577742027108566845e+02 1.467719907577742156e+01 5.793469366730930403e+01
1.571417371852418796e+02 1.444004326774492597e+01 5.751255794787267206e+01
1.571031244021251325e+02 1.444243182386790103e+01 5.727685617154042319e+01
1.576477976129155820e+02 1.468065902367952447e+01 5.761314809636639467e+01
1.588111848592326680e+02 1.518202475385951189e+01 5.854718097396576582e+01
1.601901028712711081e+02 1.577912404891904252e+01 5.966308849284021676e+01
1.617329850328923158e+02 1.646598331101267121e+01 6.094030081384568120e+01
1.633537447203049453e+02 1.728616315177559670e+01 6.248285331645793406e+01
1.645165874405804232e+02 1.801640053569589028e+01 6.368833536917394156e+01
1.651210878747295681e+02 1.841104357680024606e+01 6.428428674447012270e+01
1.654833669369674283e+02 1.863631694359004598e+01 6.470529661952346601e+01
1.657021589721703094e+02 1.878759216471176785e+01 6.487776567719907916e+01
1.656334074084975612e+02 1.890045622452133145e+01 6.466512384288216708e+01
1.654226655285581842e+02 1.899641054320152023e+01 6.438101811652857975e+01
1.653510750710091486e+02 1.903250526129891540e+01 6.430580729664895046e+01
1.654086506056012524e+02 1.907249996320770080e+01 6.420815023031980218e+01
1.654645336943884502e+02 1.918596888843103088e+01 6.435243932949711620e+01
1.657250378960690966e+02 1.935293087462655848e+01 6.467799526115175013e+01
1.649910594710738962e+02 1.889774389615741157e+01 6.420163063474076637e+01
1.615157529912139864e+02 1.692667736096189657e+01 6.094371219591163680e+01
1.574552723366053897e+02 1.470219723616241581e+01 5.702882308790416488e+01
1.546073937806295930e+02 1.338188935819511727e+01 5.448420874479388942e+01
1.537645175057763822e+02 1.286653078043826959e+01 5.380084327951846035e+01
1.539985960058278920e+02 1.287893861572650067e+01 5.394336781998263319e+01
1.549740055041280868e+02 1.316023193865987650e+01 5.469178943030802742e+01
1.564666455724145919e+02 1.368110936143283851e+01 5.588098426761247595e+01
1.583762056836745273e+02 1.445550633563407850e+01 5.757082370601480648e+01
1.606030714212129737e+02 1.539173350601186208e+01 5.936449543039632459e+01
1.621800011773536028e+02 1.614099103739569330e+01 6.086201562936908260e+01
1.624706765368143806e+02 1.643086726809813314e+01 6.129747163313661673e+01
1.618952729252821996e+02 1.614104254661584292e+01 6.081011346745353308e+01
1.609943487027034905e+02 1.569253999323021631e+01 5.994009624865707764e+01
1.603520655197280291e+02 1.541862573400638681e+01 5.928567013495415949e+01
1.600635167552134703e+02 1.534981383096145713e+01 5.899642231673755077e+01
1.602888372161474138e+02 1.544144137514900805e+01 5.918137868106962429e+01
1.611149200135395745e+02 1.584769017939925462e+01 5.987185536210981951e+01
1.623356605689561150e+02 1.636651753521023167e+01 6.093485849681378852e+01
1.636730032818731786e+02 1.698295927828224094e+01 6.213401963237133430e+01
1.645272469057675551e+02 1.760816789062385013e+01 6.311165727236603828e+01
1.649797921970889831e+02 1.796369482994598954e+01 6.363782689958645733e+01
1.652385642172806115e+02 1.818820438858555733e+01 6.393675109273131341e+01
1.652569191599582155e+02 1.827796729900366302e+01 6.409356429086520279e+01
1.649735728266788328e+02 1.824083945311924992e+01 6.382856259841940272e+01
1.647854714565335712e+02 1.819208082532487580e+01 6.366668236471470976e+01
1.647626057778628024e+02 1.818129920970139324e+01 6.363985047609236290e+01
1.645566277649413394e+02 1.806630708325361567e+01 6.341529529500066076e+01
1.644215308540228762e+02 1.791574563275397836e+01 6.322142783558256696e+01
1.645299489322874535e+02 1.804138545085284662e+01 6.322671856833801485e+01
1.649432677449263451e+02 1.836423641260357087e+01 6.362109523318959958e+01
1.656036792300107550e+02 1.875757259120811327e+01 6.420746000676977872e+01
1.663299813095115383e+02 1.922471853890417748e+01 6.497462214307789452e+01
1.668704013304095781e+02 1.955270276236589311e+01 6.544493811535122063e+01
1.662093172820792120e+02 1.921883177088698957e+01 6.485876907680760439e+01
1.628472589736419991e+02 1.741154542377371328e+01 6.167716081178530629e+01
1.591719318900940436e+02 1.538851344390645970e+01 5.808585851153070934e+01
1.567121385156514464e+02 1.414650399564379235e+01 5.583705131790019038e+01
1.557941882882750235e+02 1.375841145565056145e+01 5.504473060677861440e+01
1.559115925179178532e+02 1.360614284242593719e+01 5.535048786589942438e+01
1.566302182519242479e+02 1.378550089037366178e+01 5.612372809018528841e+01
1.576459403376061346e+02 1.419176146815994422e+01 5.710971758230437700e+01
1.591132673034187519e+02 1.471526144608456299e+01 5.837763616830270053e+01
1.605084151348805790e+02 1.535697361256236348e+01 5.971435635550191989e+01
1.610649884472177575e+02 1.568069287259562294e+01 6.020990448718892196e+01
1.607868430734815774e+02 1.554317061325405902e+01 5.991175293234631738e+01
1.598505761674196890e+02 1.508058985415532227e+01 5.897779216765515287e+01
1.590250334809931019e+02 1.465875583157956719e+01 5.816377871639023311e+01
1.586335663512340091e+02 1.441568382168979667e+01 5.774775493384744607e+01
1.586583099089022539e+02 1.447740511265802255e+01 5.779894185344890900e+01
1.589376002590177848e+02 1.477305331940131516e+01 5.811209142150730855e+01
1.593614343110273808e+02 1.499664895730621517e+01 5.857745662187817004e+01
1.600325126197589327e+02 1.533560464465996631e+01 5.923698803514400169e+01
1.608706250275942296e+02 1.577750665940631869e+01 6.006666028933464929e+01
1.615224639067535861e+02 1.614242152202387004e+01 6.067957438667235692e+01
1.619560170127595597e+02 1.639118162151024904e+01 6.112731901867577022e+01
1.621904840395002054e+02 1.650703910285655596e+01 6.132095247906518409e+01
1.625859276810548977e+02 1.656826443361933343e+01 6.143758848548176132e+01
1.626709164226110715e+02 1.665019499919057111e+01 6.156090597359784766e+01
1.626764676448512716e+02 1.665963148832212326e+01 6.161865958292248280e+01
1.625981589133026262e+02 1.673064062752947123e+01 6.145001103769003237e+01
1.626988918159207742e+02 1.677328879012200247e+01 6.146730341874052783e+01
1.630169906841896079e+02 1.704714418166566148e+01 6.178497991140414314e+01
1.634188523745750388e+02 1.734621848739495675e+01 6.218848548175837720e+01
1.638336458226022501e+02 1.759256648368629428e+01 6.258435885737832649e+01
1.635199487851182596e+02 1.743225948873419640e+01 6.229999558492398393e+01
1.612422463906753478e+02 1.627040868886959402e+01 6.016102812403420330e+01
1.580375045990375042e+02 1.469637080751740221e+01 5.720916128272675394e+01
1.560712019308598997e+02 1.382037410410749168e+01 5.539846649693151903e+01
1.555273705278959255e+02 1.337156985386098462e+01 5.500890373662599586e+01
1.557952537932861503e+02 1.338201150863147326e+01 5.518982619317429084e+01
1.566278797333294222e+02 1.366372426378607408e+01 5.590532016659553705e+01
1.579181709811770702e+02 1.412944414192997655e+01 5.703540596623938796e+01
1.596263315133408867e+02 1.485234661290085256e+01 5.848376429380859065e+01
1.612538786442773358e+02 1.560357621157044328e+01 5.998896819673579017e+01
1.623050272998866888e+02 1.612852139104328231e+01 6.109006166389497849e+01
1.627187331675227142e+02 1.639398813816244527e+01 6.153637875465422269e+01
1.625156705764617584e+02 1.628176720775876163e+01 6.136292366333573511e+01
1.618777215264389611e+02 1.598051332617109921e+01 6.079776302815346867e+01
1.611338724631709169e+02 1.580227965091465592e+01 6.019630016630119940e+01
1.606715978160090685e+02 1.570319504334132965e+01 5.972647573915730845e+01
1.606654932375752480e+02 1.573338974819349723e+01 5.973178266052480723e+01
1.610993480404420950e+02 1.594853640230172687e+01 6.010235029213086477e+01
1.615821483759878845e+02 1.608512708060457186e+01 6.039299033098352965e+01
1.619514400506262177e+02 1.623953111892743095e+01 6.060748355384185260e+01
1.628169833257295807e+02 1.681159546130185944e+01 6.157574357238517138e+01
1.636658199532001845e+02 1.740763219473428691e+01 6.246092804897791240e+01
1.643449337002752202e+02 1.783320578669296097e+01 6.317597757141385273e+01
1.648863662452721996e+02 1.821949256059691891e+01 6.372212983266862096e+01
1.652009153924266798e+02 1.838999690944678989e+01 6.404408600568072529e+01
1.654441949108890526e+02 1.855003311307009639e+01 6.422360741144093765e+01
1.657863220945120588e+02 1.881853301741011464e+01 6.459853860983973561e+01
1.660067977453678623e+02 1.901568970845781337e+01 6.487242343522348165e+01
1.660899895509867576e+02 1.915795228774522130e+01 6.507164049507719028e+01
1.663038013804471120e+02 1.936508263550604170e+01 6.533189745250113845e+01
1.665443435517814805e+02 1.952504819791314006e+01 6.542168685337531997e+01
1.659335575210819798e+02 1.923067300475356589e+01 6.479448998513591107e+01
1.630785074099692338e+02 1.773931183681878920e+01 6.215739598816759326e+01
1.595937703277458013e+02 1.580792506144314125e+01 5.872637124902500716e+01
1.568499050758657347e+02 1.440904501905841073e+01 5.627611591046225925e+01
1.556245875583157954e+02 1.380721276251306051e+01 5.517781865811122799e+01
1.554947857952287791e+02 1.370630767193041777e+01 5.507534474385200696e+01
1.559354000794713784e+02 1.395317664719127571e+01 5.548899615888387160e+01
1.567717155513693967e+02 1.431888916687515589e+01 5.627339180856230172e+01
1.579768311527763558e+02 1.486917099589397928e+01 5.729842528955540359e+01
1.594721349835906210e+02 1.532600332602392967e+01 5.879373795052171658e+01
1.603969977483112359e+02 1.565936069699333366e+01 5.969865634520007802e+01
1.606242976349909384e+02 1.574117794228024003e+01 5.989020883309540721e+01
1.604446084563422517e+02 1.555292351616653690e+01 5.968569809710223950e+01
1.597566145197133096e+02 1.524856583614181282e+01 5.898490927018793428e+01
1.590610972935583902e+02 1.494158265758142079e+01 5.829875053348835223e+01
1.589491294941794592e+02 1.487831020324066600e+01 5.810335987284580739e+01
1.592735536946827892e+02 1.499072392529691378e+01 5.838352293631988488e+01
1.599089508307701237e+02 1.535345626867209212e+01 5.901073010640332939e+01
1.606880307289290499e+02 1.574037734182990178e+01 5.975689561288613305e+01
1.612979484613460102e+02 1.602212688928461048e+01 6.029132437563466596e+01
1.619832153526909906e+02 1.633451117750077231e+01 6.088289010875804053e+01
1.629895833639935745e+02 1.677744779172614642e+01 6.168244565777273891e+01
1.635280313176058655e+02 1.712766486629678298e+01 6.230201768973789456e+01
1.637096675447762379e+02 1.728844868945827074e+01 6.255180650193527470e+01
1.638565865575652367e+02 1.738799835170495456e+01 6.272414310733049803e+01
1.641699127286641442e+02 1.761220621348364190e+01 6.302125123254205619e+01
1.645834905590957931e+02 1.786022605189186052e+01 6.351557785986548765e+01
1.649604291453884457e+02 1.809923913523377692e+01 6.390508469587484797e+01
1.647710606484274933e+02 1.812348820438858610e+01 6.369550545261887464e+01
1.624770651518050215e+02 1.697554342227258672e+01 6.149986607602760813e+01
1.589424053334118128e+02 1.518204388585556863e+01 5.806846164034790547e+01
1.560505570354236227e+02 1.383287024091598028e+01 5.549564231997527486e+01
1.547667353456268700e+02 1.323934568573488946e+01 5.434328246184638544e+01
1.546066549912434311e+02 1.315481758377606702e+01 5.420881396341373915e+01
1.550973318223961996e+02 1.336016718421168825e+01 5.485188891668751410e+01
1.560841307451176476e+02 1.369715669104769695e+01 5.578611458593945116e+01
1.574884854817583744e+02 1.420279327142415582e+01 5.700681982074791421e+01
1.591718568338018258e+02 1.486394501758671893e+01 5.843680996041148745e+01
1.608517064268789909e+02 1.544793889534798126e+01 5.979700069169523857e+01
1.616301299504039832e+02 1.584535901926444801e+01 6.047594813757376642e+01
1.614878320505084730e+02 1.581188979970271902e+01 6.035157691798260515e+01
1.607502244330306667e+02 1.544986386848960258e+01 5.969839585571531870e+01
1.600142297899895425e+02 1.508523598581288994e+01 5.891424745029360110e+01
1.594123121753079602e+02 1.487708134041707808e+01 5.841179708310644969e+01
1.593577491942486404e+02 1.489960705823485299e+01 5.840757185536210727e+01
1.598642069787634910e+02 1.517402316443214794e+01 5.890492428144637671e+01
1.606278547145653306e+02 1.555621127610413623e+01 5.958004238472972247e+01
1.613988888725367588e+02 1.596782439771004647e+01 6.032668619111392161e+01
1.623531722321152699e+02 1.654630826060721915e+01 6.120596918276942944e+01
1.631262284949005732e+02 1.702559713903074368e+01 6.189192924104843030e+01
1.636753359136999677e+02 1.734281152040501084e+01 6.247078397033068597e+01
1.640595682055659381e+02 1.760075644969020914e+01 6.286058661643291146e+01
1.644114777259415234e+02 1.778403802852139037e+01 6.321644174307201069e+01
1.648649884472177689e+02 1.801320254897055051e+01 6.354646573165167922e+01
1.654206507822042909e+02 1.825482347054408550e+01 6.391980014422581746e+01
1.658180341138206586e+02 1.844843779893743729e+01 6.425629663424038540e+01
1.659629207199517396e+02 1.858225580950418632e+01 6.437349041192659627e+01
1.646188921102591678e+02 1.794555622599302325e+01 6.328466644100722505e+01
1.606400020603688006e+02 1.594222137191128574e+01 5.959009404111907315e+01
1.565541626808341675e+02 1.403934715742689399e+01 5.587914170922309154e+01
1.540698406157559361e+02 1.296829092407540962e+01 5.377618507998646180e+01
1.533315766236441959e+02 1.260690665057616755e+01 5.312196941824014829e+01
1.533512708060457044e+02 1.264638773197545163e+01 5.314893375914288498e+01
1.540141606204653613e+02 1.296562863323963555e+01 5.374354883809916572e+01
1.553688678273410915e+02 1.331765441728355093e+01 5.495819806030993959e+01
1.569495239076366033e+02 1.391032244771814241e+01 5.638087536240415432e+01
1.586020750857260566e+02 1.459608824265257709e+01 5.789096381109361289e+01
1.598529661952346714e+02 1.519605733712048767e+01 5.903401668898732879e+01
1.603500816789062355e+02 1.543614475562554311e+01 5.950722895112510713e+01
1.600820306406275222e+02 1.534216691930712706e+01 5.917005842617257372e+01
1.591789268421904637e+02 1.498119177618507969e+01 5.837716228347731118e+01
1.585545232453752078e+02 1.470980146874862093e+01 5.781266979646499493e+01
1.583951434163858210e+02 1.465345332528808342e+01 5.761144240533341332e+01
1.587988226463965589e+02 1.484623467600700586e+01 5.799900219282108793e+01
1.596988108728605198e+02 1.531425186536961469e+01 5.885420094482626752e+01
1.608286494282476440e+02 1.581690385436135848e+01 5.994362095100737520e+01
1.619123460242240640e+02 1.640098750533488214e+01 6.100518771431514864e+01
1.630214955334147646e+02 1.694995952846988274e+01 6.202011361462272987e+01
1.639861896422316647e+02 1.749380712004591842e+01 6.288990124946651150e+01
1.647141665072333581e+02 1.795434811402669695e+01 6.352504672622113446e+01
1.651701334824647915e+02 1.819304478358769117e+01 6.386660436503848359e+01
1.656939910815464430e+02 1.835530765721349766e+01 6.418485334589176716e+01
1.659232321299798514e+02 1.862649487115336555e+01 6.446513414472619274e+01
1.661741291262564459e+02 1.880958365833198442e+01 6.483164579316840559e+01
1.663500213395340666e+02 1.907457063385774632e+01 6.508786148434855079e+01
1.665029536858526171e+02 1.929210290070493983e+01 6.528565100295810453e+01
1.664468763337208657e+02 1.931313926621436750e+01 6.529271218119471598e+01
1.647311792668030535e+02 1.850788091068301355e+01 6.378470470499933498e+01
1.611355104563716907e+02 1.655762704381227124e+01 6.028826619964974043e+01
1.579283859953788749e+02 1.485479992347201517e+01 5.724126330041649169e+01
1.557933582539845929e+02 1.385731357341535563e+01 5.527944487777597971e+01
1.552510250334809996e+02 1.360932169715522022e+01 5.484503671871550523e+01
1.557863029625160038e+02 1.391124078352882343e+01 5.538746412750739267e+01
1.570652975025386695e+02 1.444855994937379506e+01 5.647363022266699772e+01
1.588981986489867495e+02 1.501084048330365484e+01 5.810873154866149548e+01
1.609688177898129595e+02 1.583856863235662082e+01 6.001614298959513860e+01
1.628862411514518271e+02 1.673724263786074928e+01 6.179610443126462371e+01
1.642077307980985665e+02 1.740385583305126005e+01 6.295823926768606071e+01
1.646038999838113739e+02 1.781427835582569230e+01 6.334794625380800426e+01
1.644827915053937488e+02 1.793987402316443180e+01 6.323958409983958262e+01
1.638508351852124463e+02 1.767687530353647674e+01 6.264421698626911450e+01
1.631402287009374561e+02 1.736387437637051434e+01 6.206746971993700868e+01
1.628385642172806058e+02 1.725330026931963801e+01 6.174088949064739751e+01
1.630888784235235391e+02 1.740533635520758082e+01 6.203477166698553447e+01
1.636494900587205166e+02 1.772291571619891215e+01 6.261169995143416145e+01
1.643287583334559656e+02 1.807704307642496744e+01 6.323661864045092784e+01
1.652281490529661880e+02 1.850842543672460394e+01 6.402392235352985495e+01
1.660118706677066598e+02 1.897323433751784449e+01 6.481515842764426338e+01
1.666629221916437302e+02 1.940827090906415009e+01 6.544854670414575537e+01
1.672160355560788219e+02 1.984875421271836160e+01 6.605696919748635310e+01
1.676322639038102125e+02 2.013906900763808139e+01 6.647665602142782859e+01
1.678464686750356805e+02 2.037277811299651376e+01 6.676141959410735183e+01
1.680814978881219872e+02 2.057260886841601888e+01 6.711218708148759049e+01
1.683096145638640735e+02 2.079704337076336529e+01 6.736211570442537777e+01
1.685236177132849775e+02 2.099065328408070741e+01 6.745877643526762313e+01
1.687442523068772289e+02 2.114554886753300167e+01 6.759154954451132369e+01
1.689638096219223371e+02 2.126493988138162550e+01 6.774694844662909077e+01
1.691715566086329545e+02 2.137143151481258130e+01 6.787069125373442091e+01
1.691555637316222374e+02 2.139118456489426023e+01 6.786999661510839132e+01
1.678431411794139763e+02 2.077923442581936442e+01 6.662931168964958317e+01
1.639998307554195094e+02 1.864710297428954178e+01 6.293775037160223462e+01
1.607502641687147786e+02 1.677322992244183197e+01 5.977046461316575687e+01
1.588381197662953070e+02 1.577913582245507662e+01 5.798067226890756132e+01
1.582914376959190008e+02 1.543501449616624299e+01 5.738541258885340568e+01
1.589146565806707940e+02 1.554164446864560212e+01 5.823754580641363532e+01
1.604001427541244027e+02 1.613007696949182446e+01 5.972411367349041456e+01
1.624001309805883864e+02 1.699166727987166681e+01 6.159199841057263569e+01
1.642621539684174934e+02 1.792319092260371605e+01 6.341510103165609280e+01
1.655121870814875820e+02 1.881278753182533947e+01 6.449318017925209290e+01
1.660656301049316426e+02 1.927161253292910814e+01 6.496309879468424242e+01
1.662020971611061100e+02 1.939582186639979966e+01 6.504647750518770977e+01
1.658308216456460116e+02 1.929059883147654730e+01 6.470866090744529231e+01
1.651751563672754628e+02 1.895559905223034747e+01 6.409246199355398232e+01
1.647185653946341972e+02 1.868683277163755108e+01 6.371153217854567430e+01
1.645678023223299817e+02 1.865349158928019691e+01 6.359867989227214480e+01
1.648001972067285692e+02 1.883103798437063148e+01 6.391598110347466388e+01
1.653588971140119668e+02 1.920148788061634448e+01 6.453338238973347529e+01
1.661665190069022344e+02 1.965544305287789228e+01 6.530114203299532960e+01
1.669439564967843523e+02 2.023988432500846102e+01 6.604826119589692723e+01
1.675514768429263199e+02 2.069199252380461829e+01 6.659873581656830765e+01
1.680595785074099808e+02 2.102183255088375091e+01 6.713185035835699921e+01
1.684947563613886814e+02 2.128022193115424798e+01 6.744217280607514908e+01
1.685704101605616074e+02 2.142990330983531777e+01 6.772483333088051438e+01
1.686935304419491217e+02 2.159441198545968277e+01 6.777957880174837157e+01
1.688581156455576888e+02 2.175983752520272674e+01 6.785395075718552960e+01
1.690001707162724927e+02 2.188923604468056894e+01 6.798597771858305805e+01
1.690548573194601829e+02 2.200922015040692159e+01 6.805564320299048120e+01
1.686420859762469036e+02 2.181740717302682953e+01 6.767449116248951668e+01
1.662653284080707579e+02 2.047287082959278237e+01 6.558635447173615773e+01
1.628808724190201360e+02 1.848786295604055852e+01 6.226534018160679551e+01
1.608161738951272355e+02 1.728398651930124075e+01 6.022459197339181003e+01
1.599493473045961025e+02 1.672748826325626581e+01 5.930053128081355140e+01
1.601039927004076446e+02 1.678299754227435159e+01 5.940352323065828699e+01
1.615274750180282410e+02 1.722732784882779811e+01 6.082669207788194399e+01
1.636663659509337947e+02 1.811884648780703344e+01 6.282284654667471102e+01
1.657089316987740801e+02 1.916572282152791118e+01 6.474509705808767990e+01
1.668658641039603197e+02 1.978235146948446754e+01 6.585754021398402358e+01
1.674334368423376418e+02 2.011613563113511560e+01 6.650004120737611402e+01
1.676176117382154303e+02 2.048335369173939213e+01 6.663513517491060156e+01
1.676270703027270486e+02 2.063779010728634589e+01 6.666820262255515672e+01
1.675410705087639371e+02 2.064297487821748689e+01 6.661310100222225117e+01
1.673563113511604286e+02 2.059719495503981079e+01 6.647167875906930590e+01
1.672158251041222172e+02 2.058403655682938549e+01 6.638087683409615636e+01
1.673544540758510095e+02 2.070622820056218671e+01 6.646475739157308738e+01
1.675204182548676215e+02 2.088186581112304907e+01 6.662185168287980730e+01
1.678192615049522374e+02 2.112803720437386801e+01 6.694483362521891934e+01
1.681945223623600043e+02 2.138892404597565644e+01 6.730999573209318498e+01
1.683995246434826072e+02 2.153006519595578894e+01 6.755102503348099674e+01
1.685624041560582214e+02 2.162181341888769381e+01 6.765652474650104864e+01
1.687578286656168700e+02 2.170773226979057924e+01 6.782481125550044965e+01
1.689530383081428795e+02 2.179021177647941698e+01 6.797827635432456361e+01
1.690618360829445521e+02 2.185002428291807064e+01 6.806637183770180854e+01
1.691644498079441803e+02 2.196299283285993909e+01 6.817964944296457475e+01
1.691727619243844742e+02 2.201797230275647976e+01 6.815226861322462071e+01
1.678283536181547788e+02 2.137556255426864382e+01 6.694550471677287362e+01
1.639156632180017255e+02 1.907745956526218123e+01 6.327046755654976806e+01
1.603631105682202929e+02 1.700011773536034454e+01 5.981250055188450432e+01
1.581697478991596597e+02 1.583208435738568554e+01 5.764057160517447187e+01
1.574312616815552701e+02 1.522461552046387645e+01 5.707950080207213972e+01
1.575925870873743406e+02 1.529471662570457191e+01 5.734663497623217410e+01
1.585426437475165073e+02 1.567807031744396618e+01 5.832064636712829042e+01
1.599903442287597954e+02 1.632168243829931242e+01 5.969779099030154867e+01
1.619841866694138162e+02 1.729699922000323653e+01 6.146205389336119396e+01
1.637973215205521740e+02 1.823496151525408848e+01 6.311552046387731707e+01
1.647941044018307934e+02 1.879464009772035027e+01 6.408880631061531119e+01
1.650809460036203689e+02 1.902780467703718870e+01 6.440109935392720786e+01
1.649135601701275959e+02 1.895023326318268175e+01 6.428591590751886997e+01
1.642731254323095129e+02 1.857824986386848920e+01 6.367339180856230740e+01
1.635646146374486705e+02 1.825512663909697153e+01 6.291176323419034588e+01
1.632710474031994465e+02 1.808259871374118788e+01 6.252549264889843528e+01
1.633276059986166047e+02 1.812207979514047196e+01 6.250851079486085382e+01
1.636647088257369376e+02 1.839193365612444708e+01 6.284740172776641032e+01
1.642672224756802848e+02 1.872566042178692669e+01 6.342305111186330890e+01
1.649957320931875415e+02 1.913591664336487597e+01 6.422308054570339664e+01
1.655223049640171382e+02 1.944723248318591757e+01 6.480754242152202949e+01
1.659962501287730561e+02 1.974629207199517111e+01 6.533821984135160221e+01
1.664593827723734023e+02 1.997806295898394424e+01 6.582065078220429655e+01
1.669107492383993758e+02 2.028020132746618742e+01 6.628386731224888706e+01
1.673746530486099857e+02 2.059533620803838261e+01 6.672407246611429343e+01
1.677147934480271942e+02 2.079231923942957394e+01 6.703112481419888979e+01
1.670043547366407211e+02 2.039987049110362349e+01 6.639122135719436812e+01
1.634709208376870890e+02 1.849322138662820691e+01 6.310619876672210182e+01
1.597349276663379953e+02 1.641392514974466010e+01 5.947624394766663158e+01
1.571745323698656307e+02 1.507898718156264195e+01 5.726303845531207060e+01
1.561914877334471328e+02 1.455585365494709293e+01 5.640339372176190835e+01
1.562113128964370219e+02 1.456552119972332271e+01 5.647197898423817719e+01
1.571066579346274352e+02 1.496301490824000346e+01 5.726828356561539124e+01
1.586095630546439281e+02 1.562699524643482540e+01 5.863603290703321846e+01
1.604185815832462652e+02 1.627577742130127092e+01 6.022250658582171923e+01
1.621103077307980982e+02 1.699621627985695227e+01 6.173495857187008085e+01
1.633038367010551895e+02 1.764325449969830473e+01 6.281335707663100010e+01
1.638788768046623261e+02 1.795567116513856121e+01 6.332649192776935365e+01
1.638786310320976156e+02 1.792503348099309690e+01 6.332041972655962780e+01
1.632829121841380982e+02 1.775283815803028631e+01 6.265955348864589780e+01
1.625532046093393603e+02 1.747170377783337614e+01 6.195554459962619376e+01
1.621741600317885457e+02 1.730335987284581023e+01 6.149255618184226080e+01
1.621411264330600943e+02 1.734926783322786292e+01 6.142448748325950447e+01
1.624316090008682920e+02 1.760034437592900503e+01 6.170673593430366566e+01
1.630082973995202167e+02 1.783622864206978775e+01 6.242531457416591678e+01
1.636939645910903778e+02 1.819587337561995000e+01 6.318814993598140006e+01
1.642881940867415267e+02 1.851322168096660903e+01 6.373303359872846130e+01
1.647923162960455556e+02 1.873391514223903087e+01 6.418225139442817806e+01
1.652624085711342445e+02 1.900130097573179810e+01 6.458493281725999680e+01
1.657966180517741179e+02 1.926355354751357751e+01 6.501163225360195952e+01
1.663437769503598247e+02 1.956385818775846630e+01 6.554283065240106509e+01
1.667320387349335533e+02 1.986664410072259912e+01 6.596161532914391046e+01
1.659367084136631831e+02 1.953571354986828368e+01 6.531198251629898266e+01
1.624218678714918553e+02 1.768721393986666612e+01 6.217045283962972491e+01
1.585511986931375077e+02 1.568622054776376373e+01 5.848233822425643069e+01
1.558595682055659495e+02 1.439929800291394990e+01 5.596338283124107704e+01
1.548290556152408328e+02 1.385434075556667466e+01 5.498229996026431365e+01
1.548907371705249432e+02 1.383051994878511870e+01 5.499257384214631372e+01
1.556776891492148422e+02 1.416605100884486923e+01 5.565092348673269385e+01
1.570375899571737648e+02 1.458375104858055238e+01 5.697655888975555172e+01
1.586065902367952560e+02 1.526097219973803831e+01 5.844500728487542318e+01
1.601901440786472222e+02 1.597167434399328911e+01 5.989306980235176070e+01
1.612308702114821415e+02 1.645381241813713302e+01 6.091220768517564466e+01
1.616606705028771671e+02 1.667442787973332941e+01 6.131325994495871612e+01
1.615465687500919785e+02 1.672688045445849170e+01 6.105415973745014924e+01
1.608684204329717886e+02 1.654045092643011827e+01 6.045761821366024691e+01
1.602064651429748778e+02 1.627374795802734297e+01 5.988547734330159500e+01
1.598352278915068609e+02 1.614164594033760736e+01 5.951827694300136784e+01
1.598901823426393207e+02 1.619223829636933587e+01 5.955395958733755890e+01
1.603578360240768745e+02 1.632159708016306254e+01 5.990648574666293769e+01
1.610003870549971339e+02 1.656353147213351207e+01 6.045459977335943336e+01
1.617857393044783691e+02 1.695910756596859414e+01 6.118926842190466431e+01
1.625340755566674886e+02 1.732476416135630970e+01 6.197841322168096667e+01
1.630543922647868271e+02 1.765805383449351851e+01 6.243829489764382146e+01
1.633974157088404411e+02 1.784983884972552914e+01 6.275759319489617383e+01
1.636975290291247802e+02 1.801753521023120186e+01 6.306645719583805487e+01
1.640741953523966572e+02 1.822311145123548570e+01 6.341588250011037786e+01
1.643101134674535331e+02 1.837737420712593206e+01 6.362202681422832029e+01
1.638645307510044233e+02 1.814438328746559748e+01 6.323917202607838561e+01
1.610119015732387595e+02 1.679371587514165043e+01 6.055477048963192743e+01
1.572231629604556247e+02 1.497310924369747909e+01 5.700832830505231641e+01
1.542611061237104195e+02 1.363149568058396710e+01 5.438566866326215177e+01
1.529719907577742219e+02 1.307027329320519726e+01 5.324970492575313585e+01
1.528492737199958924e+02 1.298369070920837665e+01 5.316394943266273287e+01
1.533238252218575610e+02 1.306326509588073392e+01 5.361562495400962547e+01
1.541561170878158578e+02 1.326792005769032734e+01 5.439170112878776564e+01
1.552375722968697005e+02 1.362767958321682471e+01 5.529510073731769637e+01
1.566444024194616418e+02 1.409838113879527377e+01 5.636815552841101606e+01
1.575766103989757028e+02 1.455361079633254384e+01 5.727139030743646231e+01
1.580425245404641714e+02 1.476396562127477985e+01 5.775165933273484598e+01
1.579674579464009696e+02 1.471615917820718522e+01 5.773765471162194984e+01
1.574954303963266682e+02 1.447572002531310176e+01 5.731402963987696353e+01
1.570014142960161223e+02 1.422651841822543339e+01 5.682521008403361407e+01
1.567517917850152287e+02 1.413762380608986113e+01 5.661719524937821291e+01
1.568723395487792232e+02 1.416384199914641862e+01 5.669565850858732148e+01
1.572495665867047308e+02 1.438428674447011701e+01 5.701196044091892645e+01
1.579562863323963597e+02 1.471489646646749705e+01 5.763847738745235461e+01
1.588397239105800054e+02 1.510276825266008416e+01 5.842946916069404750e+01
1.598274176220400591e+02 1.553727207170083524e+01 5.926518859733035072e+01
1.605672857584364692e+02 1.609834287480316206e+01 6.000075056292219244e+01
1.612087300769694878e+02 1.652425642761483005e+01 6.059817657360667909e+01
1.616140355266449831e+02 1.678891963089964534e+01 6.098849136852639674e+01
1.619331572208568275e+02 1.699113599905811611e+01 6.128195116925929398e+01
1.622176529455915386e+02 1.721510691842411234e+01 6.159496975672931285e+01
1.625166919307127387e+02 1.737852654196529656e+01 6.186357120781762831e+01
1.628958925076159971e+02 1.756547852065519777e+01 6.221377503716022517e+01
1.630991390601774924e+02 1.767189656948593779e+01 6.244701761615328905e+01
1.618898320799423232e+02 1.708272086417754565e+01 6.139851359107566253e+01
1.585527925355781633e+02 1.546071612532929151e+01 5.837105476165947948e+01
1.550936496490014633e+02 1.382056983914406345e+01 5.517824986386848707e+01
1.530020353500419503e+02 1.297379063709546898e+01 5.347519463126756989e+01
1.525193336178604682e+02 1.274751799143475317e+01 5.301434458196588650e+01
1.527606454841130983e+02 1.283961206198766725e+01 5.320031199870491179e+01
1.534219149656359775e+02 1.313260092127919521e+01 5.382104372396944569e+01
1.547488645896186767e+02 1.336745500301696943e+01 5.490876098250158321e+01
1.563409777921676493e+02 1.380486982884221980e+01 5.628819114335751550e+01
1.577612061987667289e+02 1.434159884619346848e+01 5.750165123842882053e+01
1.585554518830299173e+02 1.473433310276825203e+01 5.828778642805633581e+01
1.588142489219856088e+02 1.484338695197869029e+01 5.854423170318915481e+01
1.585407599817510231e+02 1.488501523201224508e+01 5.818392617992906679e+01
1.578467482965164947e+02 1.467972008418078289e+01 5.749475341800467731e+01
1.573954142077146230e+02 1.448733314691901342e+01 5.714273793580479577e+01
1.573610899350983914e+02 1.455191835052760219e+01 5.704179605292204513e+01
1.575615388011596849e+02 1.468447364935466304e+01 5.719910815464539411e+01
1.580044033024768453e+02 1.487038514179752546e+01 5.762468027491206612e+01
1.586949226625851850e+02 1.513158986887224167e+01 5.828299459889034750e+01
1.593390645925620674e+02 1.543881881999735128e+01 5.880310379843706414e+01
1.600759746280298543e+02 1.582574283653916858e+01 5.954113967828812548e+01
1.609502185462626471e+02 1.630494341344243381e+01 6.034681746604070440e+01
1.616390572341020402e+02 1.662116293102179654e+01 6.098308290041060076e+01
1.621272910565276959e+02 1.686227611885384547e+01 6.152775611120105026e+01
1.625603158251041123e+02 1.709737302977232787e+01 6.190882279356576134e+01
1.629546866031876959e+02 1.729439432515563269e+01 6.228949506247332835e+01
1.632583128522862808e+02 1.747057940514209307e+01 6.255419947313426121e+01
1.634236221283609893e+02 1.768098868268848634e+01 6.276490750415752728e+01
1.636883000485658499e+02 1.788732431676698553e+01 6.301910550559978930e+01
1.639632371337326617e+02 1.807985106476916570e+01 6.323543834346347836e+01
1.641730709797053578e+02 1.817238222784735768e+01 6.339107713137794775e+01
1.637575505158280578e+02 1.798778348467232746e+01 6.303021825192423933e+01
1.610082400035320518e+02 1.673029036483244880e+01 6.054243329555990272e+01
1.573957409233395595e+02 1.500072554415811865e+01 5.723452442272881058e+01
1.543928093128670014e+02 1.368867974510294516e+01 5.457894597418652438e+01
1.531327804677037250e+02 1.312849637227921029e+01 5.357121811947195766e+01
1.530874199767472703e+02 1.310567778775257963e+01 5.348224403596815080e+01
1.537221813418887564e+02 1.319404111907459942e+01 5.418701231806207375e+01
1.549321064327657496e+02 1.348613960470352779e+01 5.527385244815965137e+01
1.564379770121709043e+02 1.404811697008050153e+01 5.663443612120855164e+01
1.582294264816259215e+02 1.473149126550795529e+01 5.809895362698494381e+01
1.592919380712004624e+02 1.532731166021575042e+01 5.917792461993553843e+01
1.597182916599214195e+02 1.560483450823411644e+01 5.965422154851432879e+01
1.596086167566851657e+02 1.554837745956526263e+01 5.946997012465231336e+01
1.590903133232277185e+02 1.528791446526071063e+01 5.896034673063621057e+01
1.585266184932817168e+02 1.501191629015879592e+01 5.842469499183211212e+01
1.581456577727413162e+02 1.480891109508602099e+01 5.805934009330527346e+01
1.582116646308260499e+02 1.486667059117867851e+01 5.804834213895716033e+01
1.586834184461875736e+02 1.510410749238399397e+01 5.843742807105329007e+01
1.594209554224491967e+02 1.544429057086932922e+01 5.906946974937085315e+01
1.601315030390439915e+02 1.579065769915672135e+01 5.965124137220562517e+01
1.607423803146477610e+02 1.609143769591899797e+01 6.026815258502700345e+01
1.613621098176573696e+02 1.651362786795979432e+01 6.080801336296340054e+01
1.619444068345376593e+02 1.686418784676742888e+01 6.131633136617168844e+01
1.623601303919115821e+02 1.709222946621731154e+01 6.176462641098471096e+01
1.626866973759731536e+02 1.731099795434811384e+01 6.204578875332970256e+01
1.629263182681128512e+02 1.743599464304110569e+01 6.224005062620494755e+01
1.631158427644262474e+02 1.757794669531560316e+01 6.239912434325744073e+01
1.634461743366348401e+02 1.773736773168111469e+01 6.265717670605895506e+01
1.637160767634549359e+02 1.792830210893464127e+01 6.283339269157750806e+01
1.639188361859629879e+02 1.809164667618360767e+01 6.306589795287641920e+01
1.641548543760761731e+02 1.827609825015820633e+01 6.337996144166948653e+01
1.643488704763867077e+02 1.845140325832609918e+01 6.366217898718156221e+01
1.634563702188405898e+02 1.803108213513075953e+01 6.298511972214455312e+01
1.603111568970845724e+02 1.641837848974966363e+01 6.007488410425466441e+01
1.568536240415605789e+02 1.464782999013966425e+01 5.686387584806251994e+01
1.543658361418122524e+02 1.349040898320799364e+01 5.463455827164491296e+01
1.534870329217501421e+02 1.301136440565718466e+01 5.398695492207390600e+01
1.535749311983987866e+02 1.303445525320460874e+01 5.410057837495769206e+01
1.542401948520213750e+02 1.329996467939189664e+01 5.470883898217780938e+01
1.553985724587558366e+02 1.368686514886164574e+01 5.569074305729296981e+01
1.569488587028506572e+02 1.435544746795390658e+01 5.706541965297502372e+01
1.585053599022796504e+02 1.503607852948534962e+01 5.834648927872375168e+01
1.595253646116940729e+02 1.552651841822543410e+01 5.926743439932890567e+01
1.598111951610766823e+02 1.572247715198163398e+01 5.949347746103695300e+01
1.595144932228583343e+02 1.551716581553812446e+01 5.919810446069846677e+01
1.587956025842911458e+02 1.517429837083695077e+01 5.849828106373897896e+01
1.581691518638979232e+02 1.492733520728781826e+01 5.794122650811637953e+01
1.579733623747222282e+02 1.486607897099294995e+01 5.774826855435694739e+01
1.581731784132216774e+02 1.497022178398504799e+01 5.789825310159089611e+01
1.587375884854817514e+02 1.524827444112496089e+01 5.843197103710135565e+01
1.595287568617639806e+02 1.563528087241902043e+01 5.916524304993451011e+01
1.604421566174630982e+02 1.603547807914759460e+01 6.000412809607205133e+01
1.612140855641731321e+02 1.645644969020883153e+01 6.080035614946503841e+01
1.617563731622246053e+02 1.675920764102488647e+01 6.135150627676640056e+01
1.623375752402537273e+02 1.701295824809783852e+01 6.185826575814213868e+01
1.629146197883706861e+02 1.730725102650517400e+01 6.236319445466453004e+01
1.632914435826870090e+02 1.752706147257502067e+01 6.268145520905385126e+01
1.634688045445849127e+02 1.773448468704469505e+01 6.285975363875848387e+01
1.637176470588235304e+02 1.792411073010640266e+01 6.315097499595284347e+01
1.640189789400874076e+02 1.814628618522715442e+01 6.348284742968991168e+01
1.642850932316884780e+02 1.832940146286185268e+01 6.373399167022325429e+01
1.645891860071524206e+02 1.857258532134395068e+01 6.396398033819482265e+01
1.649110700672563325e+02 1.875214940617227555e+01 6.420451367937718601e+01
1.651516961250349596e+02 1.894063783131466394e+01 6.443034628912860740e+01
1.650946371543363398e+02 1.894992273616977485e+01 6.438549353191363878e+01
1.629697037483995246e+02 1.789507866193762808e+01 6.252547057351837623e+01
1.592110229731121933e+02 1.586005386392735694e+01 5.897286199944075946e+01
1.561576167419682406e+02 1.428716243064651437e+01 5.609771299062532535e+01
1.545879188803367299e+02 1.353746633504540142e+01 5.463059500507733901e+01
1.543036247774065828e+02 1.338381285964473300e+01 5.431275515460124836e+01
1.547696816730194769e+02 1.356245860866237862e+01 5.472561774271880353e+01
1.558077499300946158e+02 1.379820012067874480e+01 5.572156028786295678e+01
1.570396414958277660e+02 1.423372087889446469e+01 5.686185521494061845e+01
1.586598080913626347e+02 1.483215352690988809e+01 5.831583834935025124e+01
1.601005150922015048e+02 1.547293705573297551e+01 5.966056748443685365e+01
1.605649325229215947e+02 1.575127227773771565e+01 6.006543436989506546e+01
1.603077352131745954e+02 1.560990301549691672e+01 5.984396679862838653e+01
1.593936437622334381e+02 1.539241489940985197e+01 5.900920101841087018e+01
1.584983075541950654e+02 1.513716610987652444e+01 5.817382301431956648e+01
1.581503245080869533e+02 1.497469131260209885e+01 5.779370851668162601e+01
1.583076321947342819e+02 1.513384155763881722e+01 5.794135307362875409e+01
1.587432206507822059e+02 1.532496136808488707e+01 5.838070023105564132e+01
1.593072039323610340e+02 1.557450440771755318e+01 5.888985121193836392e+01
1.599314323978277912e+02 1.583381359549073508e+01 5.942948976438211162e+01
1.606425112952361189e+02 1.616043944723248416e+01 6.015203902927195401e+01
1.613462979587631878e+02 1.654362683777539189e+01 6.085640848283271254e+01
1.619122400623997464e+02 1.688022340284625145e+01 6.138391882146904521e+01
1.623587749635756268e+02 1.701691857128140128e+01 6.175338857083989552e+01
1.626776729606027914e+02 1.714178722277002009e+01 6.207969800880071887e+01
1.629804471000309150e+02 1.729913317340946932e+01 6.236698111819158186e+01
1.633382433884236775e+02 1.748852963251850667e+01 6.271512310703615611e+01
1.636282064489543586e+02 1.761934539139648948e+01 6.298408070758951283e+01
1.638509632224168229e+02 1.792839629722291761e+01 6.306858526247626884e+01
1.641413280548646867e+02 1.824349144211099372e+01 6.339272836980676828e+01
1.645852477593489311e+02 1.853513075983458336e+01 6.384325744308231521e+01
1.646452456989801192e+02 1.867981574416106128e+01 6.395265713991376089e+01
1.624065975952552776e+02 1.751638287539183736e+01 6.196513561641819479e+01
1.587056512972964981e+02 1.548061340122739082e+01 5.846144902794743103e+01
1.557365009050905940e+02 1.396474708972906065e+01 5.567552281858452545e+01
1.541999749812359255e+02 1.323489676080589916e+01 5.423347804971375297e+01
1.539113732358092079e+02 1.307167434399328876e+01 5.396904884545762116e+01
1.542788826914303399e+02 1.327655888975555243e+01 5.434634946798333743e+01
1.552679318312263490e+02 1.352304964017130473e+01 5.527862367363758267e+01
1.563927077661187184e+02 1.392013421831079256e+01 5.637972597094879745e+01
1.577424568426319809e+02 1.448721688325067269e+01 5.757865016409365921e+01
1.590428335957850834e+02 1.504255838938026990e+01 5.873647294294249832e+01
1.597096837333882888e+02 1.540772343963855207e+01 5.939890506114880253e+01
1.597241813713226009e+02 1.544380638419991492e+01 5.936231732622996304e+01
1.592306818349055959e+02 1.519346274411691056e+01 5.886804662320269443e+01
1.586723763410793424e+02 1.495403317193777681e+01 5.834337370675065415e+01
1.582612562362948552e+02 1.483583275692063097e+01 5.798169509485055073e+01
1.581007593930742132e+02 1.478317856039088163e+01 5.789560994275117878e+01
1.583280475062178994e+02 1.486008182607543837e+01 5.812843456121503039e+01
1.590202357650590841e+02 1.520106550501111187e+01 5.873641260357032223e+01
1.598123107036159354e+02 1.554361064916334279e+01 5.945572856112672611e+01
1.605369394693078675e+02 1.591735860719068718e+01 6.012588706235558789e+01
1.612355796258958947e+02 1.629160841219149702e+01 6.079191746751239833e+01
1.619164888372161499e+02 1.665583893802704907e+01 6.140210746295015554e+01
1.624507468836921760e+02 1.697994083798142739e+01 6.191326877511074400e+01
1.628794698965400585e+02 1.722336752564423179e+01 6.236234087330203835e+01
1.632524893670252766e+02 1.745302211953082505e+01 6.272810931728207606e+01
1.635399623246846943e+02 1.764832447865310883e+01 6.304767104740319894e+01
1.637008491662864742e+02 1.778378342580464633e+01 6.316950654167096246e+01
1.637321623570619238e+02 1.784087918880336687e+01 6.319398077970242156e+01
1.637664616109140638e+02 1.793439638552443682e+01 6.327947283992406113e+01
1.640668766280592763e+02 1.811879792197089145e+01 6.361249908019249943e+01
1.644800320828856854e+02 1.843425951816803732e+01 6.391652562951625782e+01
1.648943413442434860e+02 1.868192467880322027e+01 6.425599052230349173e+01
1.653184947534180083e+02 1.896064106903707369e+01 6.458005857334177335e+01
1.651680686985827720e+02 1.885883971802381254e+01 6.438403361344538212e+01
1.622820895083077062e+02 1.738256192144108070e+01 6.184247450293602810e+01
1.584639008668265774e+02 1.536005827900337017e+01 5.822473031244021513e+01
1.555302491574563248e+02 1.395750489337591382e+01 5.554566513120133919e+01
1.541264786825413182e+02 1.332415488086653177e+01 5.437482229319048344e+01
1.539965635991699742e+02 1.331210319504334194e+01 5.431442994010213710e+01
1.545418608073702273e+02 1.354522951036807044e+01 5.481091406790386600e+01
1.557243358989830710e+02 1.389325229216029634e+01 5.583732652430499144e+01
1.571196426731813460e+02 1.437141385450852837e+01 5.707948461346009594e+01
1.586750930845192613e+02 1.498927725205668970e+01 5.847700481243285253e+01
1.600158148022781859e+02 1.564369747899159613e+01 5.967990551737332083e+01
1.606549588662084886e+02 1.601184270555858191e+01 6.027316811137765029e+01
1.606360034731931421e+02 1.599442964576373427e+01 6.025667780246949690e+01
1.602742409748487944e+02 1.588457372441095572e+01 5.993566056895613059e+01
1.598598993362668921e+02 1.573314544732078524e+01 5.951690091097734836e+01
1.595258061192953676e+02 1.562502170745706387e+01 5.918164064224639276e+01
1.594700952184726646e+02 1.567033363257737477e+01 5.922381786339754939e+01
1.598881175587573011e+02 1.591356605689561299e+01 5.967217177589073884e+01
1.606843014613901630e+02 1.619287259562318937e+01 6.043067594813757637e+01
1.615046034525894356e+02 1.654423906164917923e+01 6.118248392176485595e+01
1.623024724425672218e+02 1.689179384538403639e+01 6.188613371793550755e+01
1.630553473928976018e+02 1.730189259591752560e+01 6.257072951772653369e+01
1.635774831123342494e+02 1.771868901676257124e+01 6.298130803985341686e+01
1.640164387996879896e+02 1.801905546807164171e+01 6.334893817421890105e+01
1.644396532693637880e+02 1.830055629957762520e+01 6.374379902573989654e+01
1.648497696802013195e+02 1.857912699230304909e+01 6.414081590604718031e+01
1.651841307451176704e+02 1.877345067624247577e+01 6.445684704704999035e+01
1.653890756302521083e+02 1.897518874449955106e+01 6.471615181974716791e+01
1.655615594048477419e+02 1.913598434119707292e+01 6.485520022369718163e+01
1.656946121355722710e+02 1.926570516122385968e+01 6.500574990066078840e+01
1.658128169656654336e+02 1.938875627308716787e+01 6.516161974421993364e+01
1.659850917599964646e+02 1.950486099869019441e+01 6.535505011111274598e+01
1.662213321756022992e+02 1.960401036071171177e+01 6.557251320843573694e+01
1.665408011891271371e+02 1.982716007593930740e+01 6.583102179575858770e+01
1.667685411117161323e+02 2.000373515430690574e+01 6.607470161444612700e+01
1.658900145697508322e+02 1.954777406584350175e+01 6.525730032818731274e+01
1.623017763322491760e+02 1.761711724970198389e+01 6.194601539389836375e+01
1.587550442243447151e+02 1.561975010669767094e+01 5.843704101605616330e+01
1.563483465540331849e+02 1.431421065799349535e+01 5.630654461434311031e+01
1.554137043959440234e+02 1.381288760688163109e+01 5.550997365671312167e+01
1.555003237722409324e+02 1.384515739745985918e+01 5.564362095100737093e+01
1.562387511221651550e+02 1.421059618243094036e+01 5.635422596359033776e+01
1.575356752858761809e+02 1.478572753094232439e+01 5.742750003679230275e+01
1.592579037219090878e+02 1.541322462435061524e+01 5.902728516975967210e+01
1.609122989300799134e+02 1.611573680260195118e+01 6.053310129656065897e+01
1.620948211158368792e+02 1.667468101075806786e+01 6.159505069978954594e+01
1.624587896804956699e+02 1.689546718862676400e+01 6.189813683792255716e+01
1.621755316487365519e+02 1.677796288392765334e+01 6.169420153350306890e+01
1.615510397504010314e+02 1.665746515769179936e+01 6.110290512001648011e+01
1.610777215264389497e+02 1.653186654696904867e+01 6.059762321741305868e+01
1.608775037160223178e+02 1.649042517182004275e+01 6.037433074806104827e+01
1.609736522980470568e+02 1.657739333912198987e+01 6.046444980794419166e+01
1.614529838555387187e+02 1.672186198472383722e+01 6.102578698729929840e+01
1.621598522421227813e+02 1.700140105078808972e+01 6.170974407276045071e+01
1.629653504834508340e+02 1.741925414649222148e+01 6.250500816789062242e+01
1.636826546380373486e+02 1.784769753785927549e+01 6.329911109802940672e+01
1.642993804176661854e+02 1.824156941235338181e+01 6.394990066078970870e+01
1.647885664248186117e+02 1.864312204741791490e+01 6.451038867385832987e+01
1.652137676787002079e+02 1.884896172129096925e+01 6.490138927725205065e+01
1.655502980176308654e+02 1.899586896054393748e+01 6.517569059147301402e+01
1.660158913302624057e+02 1.915004488660613191e+01 6.542973112187081597e+01
1.661600111848592292e+02 1.930152025784044056e+01 6.569629280784117498e+01
1.662749650473149075e+02 1.946873979013671985e+01 6.588553915436577313e+01
1.664073658184815088e+02 1.967306950801336285e+01 6.591225036424377492e+01
1.666027491206640150e+02 1.985111775007726465e+01 6.605425981250644440e+01
1.667995893979307880e+02 2.000216780232232949e+01 6.615976835567852277e+01
1.670165462332043091e+02 2.017159487262505735e+01 6.636687221298326733e+01
1.672866164329129219e+02 2.034762542495106530e+01 6.662812256251011434e+01
1.670400550412809650e+02 2.024200650487865971e+01 6.641362933965179138e+01
1.644343875553724104e+02 1.889600141282432588e+01 6.404927666337988512e+01
1.607525806119295453e+02 1.678850019867842036e+01 6.042788709178942952e+01
1.582016747855008987e+02 1.536091038867385805e+01 5.793162077440432967e+01
1.567983531766471970e+02 1.461164549883000419e+01 5.657970683895274533e+01
1.566364641127904633e+02 1.444073054791093291e+01 5.653585041722468674e+01
1.572882529544216936e+02 1.467039691533355850e+01 5.716294132363978520e+01
1.585968388055747766e+02 1.523327789960117151e+01 5.839176882661996615e+01
1.601093069802351749e+02 1.599325523554430539e+01 5.981807826458079091e+01
1.618519669163637502e+02 1.663361786045416579e+01 6.139813389453855308e+01
1.631036439094026491e+02 1.729331557491648041e+01 6.254363272454340716e+01
1.634785809945694552e+02 1.756379490500228258e+01 6.295193012406363664e+01
1.632321476401418749e+02 1.740836362566042084e+01 6.273914700731430827e+01
1.624808326833360184e+02 1.696924752387820234e+01 6.202772667736095968e+01
1.616174792859350475e+02 1.654664086300019221e+01 6.108905355487203792e+01
1.611486600244300860e+02 1.633650973524260763e+01 6.062331601642408430e+01
1.611684910741879833e+02 1.631481699509926386e+01 6.057489146271468172e+01
1.614327289584835796e+02 1.646755949314927392e+01 6.076067050287715432e+01
1.619490485511192333e+02 1.673953553400344418e+01 6.129082105696920024e+01
1.627252954421698519e+02 1.722596064695580509e+01 6.202618287244845163e+01
1.636197221445495984e+02 1.772421522023870821e+01 6.285014201827841163e+01
1.643019794257457704e+02 1.813755610825766240e+01 6.346144166948740661e+01
1.647957953759437260e+02 1.840638272822263843e+01 6.393426540493605614e+01
1.652285611267273850e+02 1.866039676816435744e+01 6.434936054982412656e+01
1.656359534356649874e+02 1.887935216117970683e+01 6.470415900160413969e+01
1.658397459859600644e+02 1.919230010743351755e+01 6.496536520037086859e+01
1.659538153615211513e+02 1.930944679097558492e+01 6.507137559051641063e+01
1.661018911242255172e+02 1.943612562362948637e+01 6.520826355060412993e+01
1.662049301682143891e+02 1.950766751534239063e+01 6.526358298135366454e+01
1.663721379269746308e+02 1.959730533194013091e+01 6.547409674903235555e+01
1.664341977071038627e+02 1.966931669340240418e+01 6.559889917438079010e+01
1.650654240680510441e+02 1.904333691445054555e+01 6.446482950448130111e+01
1.614916496195676245e+02 1.714057160517446832e+01 6.118514326921661706e+01
1.582967622775905454e+02 1.545956820556593847e+01 5.821133202843309107e+01
1.561165506482803380e+02 1.440498756420256399e+01 5.623950610016336071e+01
1.553026269702276636e+02 1.399542303786663489e+01 5.569710518182754555e+01
1.554319651503333262e+02 1.406017748605571782e+01 5.593883648030140421e+01
1.563527218943619346e+02 1.450470941441375139e+01 5.687969653710871398e+01
1.575292204447453344e+02 1.503704395944016881e+01 5.807163019323316178e+01
1.589460904501905816e+02 1.563672754565924450e+01 5.932095100737317495e+01
1.604767457946400953e+02 1.636807752873478705e+01 6.066232026961397850e+01
1.615296928578787004e+02 1.687339328025430873e+01 6.162978998955098575e+01
1.619069890653284176e+02 1.702266847194219324e+01 6.191874052598272016e+01
1.618481802528366984e+02 1.696538433236692356e+01 6.182158677831903049e+01
1.613171687589221222e+02 1.666416282800335580e+01 6.123251114806693352e+01
1.605538006446010968e+02 1.624716478535372133e+01 6.055291321432250840e+01
1.600609883883500970e+02 1.607891359696242617e+01 6.014607131819452945e+01
1.600859762468910503e+02 1.606212159119339589e+01 6.011354692489955909e+01
1.605169700805015509e+02 1.631901573238752690e+01 6.058746854258340875e+01
1.611232703939719499e+02 1.670033260239297235e+01 6.116504142812991773e+01
