1.576488643177862627e+02 1.643674403638863168e+01 6.178753309054744136e+01
1.571532607900779510e+02 1.641066941629005527e+01 6.161455399061032523e+01
1.571272651485235485e+02 1.644227107191435167e+01 6.164761674930162627e+01
1.572400099454463032e+02 1.666546590028227470e+01 6.194945665686747560e+01
1.571112134907053814e+02 1.657618211867257685e+01 6.180910885876003391e+01
1.550056498910388711e+02 1.553489827856025052e+01 5.963602152896611130e+01
1.519874292483875138e+02 1.401365743787752471e+01 5.659084726427098389e+01
1.504126658183785992e+02 1.321483480321179371e+01 5.491449841311629143e+01
1.497292396121275999e+02 1.293693563248650769e+01 5.424924458485074297e+01
1.495713658900443193e+02 1.285785909642695302e+01 5.400180188085940358e+01
1.498070422535211321e+02 1.306303657876647151e+01 5.421887294692349002e+01
1.504445526743012636e+02 1.335284834656955155e+01 5.479352668450997044e+01
1.514000599651909340e+02 1.371549295774647881e+01 5.574985739985081779e+01
1.525641408158191155e+02 1.413983297500475267e+01 5.680354818422476626e+01
1.534495210097553013e+02 1.450541734310327158e+01 5.767277726587980879e+01
1.537801544469307942e+02 1.464451025989791333e+01 5.801631491963201626e+01
1.535462668012227141e+02 1.451449548798502320e+01 5.777851783598789126e+01
1.529638161262486733e+02 1.419709826978485623e+01 5.723503575972971902e+01
1.523355242566510128e+02 1.397722346540301075e+01 5.665287759788220256e+01
1.520173591914937106e+02 1.382092200137481086e+01 5.633365071007561653e+01
1.520562824506749848e+02 1.391065917833062748e+01 5.643335965951472133e+01
1.523807277726587870e+02 1.406916180363593760e+01 5.673396223655536375e+01
1.529777178125868318e+02 1.427389759115440349e+01 5.735994032732218528e+01
1.536895528936861126e+02 1.454893452093662631e+01 5.803483977593494814e+01
1.543631667471077833e+02 1.487758179398300484e+01 5.869028856419932083e+01
1.550080514238076432e+02 1.521756102555102075e+01 5.933497433197315019e+01
1.555180875491787731e+02 1.547646439383967376e+01 5.985465022742895513e+01
1.558500387579892674e+02 1.564051599315519248e+01 6.016186945139163100e+01
1.560861246398432058e+02 1.576973805449519617e+01 6.041339856376055195e+01
1.563040439939742328e+02 1.588185687332719098e+01 6.061803782194726153e+01
1.564891170491275716e+02 1.595004753338306003e+01 6.078269199830342728e+01
1.566561420443742350e+02 1.602960232840448640e+01 6.093752212130519297e+01
1.568528132449943655e+02 1.622889005894139558e+01 6.104554429380018377e+01
1.568742105801997866e+02 1.629450221578693458e+01 6.101361794860544308e+01
1.556685124244950487e+02 1.576996767729951898e+01 5.986491597560440425e+01
1.529997528264080984e+02 1.452702821289105373e+01 5.737388150293244138e+01
1.507712313340061030e+02 1.348230441841077543e+01 5.516912377692948866e+01
1.498189490003364028e+02 1.295650622321676693e+01 5.421107015927339745e+01
1.495558173548037928e+02 1.282906556681731125e+01 5.402377107922718125e+01
1.496944510259897925e+02 1.293141298465768685e+01 5.417465958784900693e+01
1.501621341757711434e+02 1.315095432407529330e+01 5.467875477162037612e+01
1.510482398022611221e+02 1.348818685738522483e+01 5.548232343176400150e+01
1.522504555891945586e+02 1.403820513945563242e+01 5.659656882102584063e+01
1.533863805888289278e+02 1.448198850423412765e+01 5.766001199303818936e+01
1.540352200429994411e+02 1.471769411902359082e+01 5.825960832492358321e+01
1.540790560601406867e+02 1.472756204934696456e+01 5.832356339490734598e+01
1.535600953592792450e+02 1.441833618533631700e+01 5.778818100712269512e+01
1.527442733242654356e+02 1.413368142395390059e+01 5.697643221739575381e+01
1.522411858482149398e+02 1.397517879864858870e+01 5.651993769470404771e+01
1.521443566905064984e+02 1.394659295335878113e+01 5.641406549368903001e+01
1.523835812382080519e+02 1.409214455998712978e+01 5.663320901525455753e+01
1.529067746040103657e+02 1.431971392216225780e+01 5.709958316879470175e+01
1.535073859564448071e+02 1.466432217395755622e+01 5.756277039182133137e+01
1.542063416845830943e+02 1.502060169950126500e+01 5.817558831702572775e+01
1.547929957731853108e+02 1.528678279437789733e+01 5.870805727407017116e+01
1.552587059219282537e+02 1.552148947684027291e+01 5.912206865283079793e+01
1.556334049990493327e+02 1.572277360946572422e+01 5.953525660714024781e+01
1.560348924282977237e+02 1.593334210872712831e+01 5.990621005367616192e+01
1.564251429657905987e+02 1.601970514676846236e+01 6.034705512409869499e+01
1.568340543781902170e+02 1.612170008629137286e+01 6.075012504936159274e+01
1.573463048279291456e+02 1.626146724584265613e+01 6.108804791365012221e+01
1.574995846313603352e+02 1.638710017112017781e+01 6.135878343790677292e+01
1.567160063182835188e+02 1.608339256724145372e+01 6.067833355271817908e+01
1.539377254179281351e+02 1.482836646044491324e+01 5.806071548710748687e+01
1.512083658754186501e+02 1.355965512702382547e+01 5.553123162651923650e+01
1.499548930133239821e+02 1.296257587059219318e+01 5.438554107615578914e+01
1.495635455516066372e+02 1.278849399616807858e+01 5.400171266435581430e+01
1.497117999795240735e+02 1.276636976584324223e+01 5.407301712664355620e+01
1.501986734529712066e+02 1.291126468050253706e+01 5.452397145071885376e+01
1.509302502449797316e+02 1.320040074298334076e+01 5.524463165284542043e+01
1.519565749638015006e+02 1.364773521711786763e+01 5.617321311043833276e+01
1.530291035935237574e+02 1.412799058107732542e+01 5.721592587717373846e+01
1.538190469922337797e+02 1.453789800067277938e+01 5.806941043979348649e+01
1.540182806078422857e+02 1.463696488379916083e+01 5.826598218595059109e+01
1.536505111666886023e+02 1.438698609100083381e+01 5.794077047957527071e+01
1.529403507232387085e+02 1.405714975209512474e+01 5.729599549529785207e+01
1.523645342459742835e+02 1.379241367206353353e+01 5.672159478156581969e+01
1.521174747341786997e+02 1.367491846196598004e+01 5.639641232650315317e+01
1.521060579468503704e+02 1.380157957088324316e+01 5.631936583154168829e+01
1.523606438213914771e+02 1.405603820221432443e+01 5.659322247085837887e+01
1.529204393547160521e+02 1.439582291255320001e+01 5.710453834115806160e+01
1.535392479487516937e+02 1.470097260614570089e+01 5.771852631886856244e+01
1.540652187266903468e+02 1.494654176356164044e+01 5.824862884471940561e+01
1.545576865136823130e+02 1.515883024000702051e+01 5.869184619659807112e+01
1.550012651192722331e+02 1.542037938952510423e+01 5.912908458017053448e+01
1.553166542348587882e+02 1.558875579541631851e+01 5.943444049551723651e+01
1.555937080426484158e+02 1.572025799657759570e+01 5.974236028841794166e+01
1.558274450440963506e+02 1.581634417094467082e+01 5.995860939259649314e+01
1.561729410732306746e+02 1.589381188480833096e+01 6.025724774399251515e+01
1.564868032702967469e+02 1.603155046582715570e+01 6.050091995378292609e+01
1.564517016951135702e+02 1.591163617217322646e+01 6.045368054641451749e+01
1.548648633232416216e+02 1.514318371286911535e+01 5.894463019027978845e+01
1.519450835856258948e+02 1.378496482529653555e+01 5.628035774355374343e+01
1.500136720635338463e+02 1.288341304316031177e+01 5.446335688064002056e+01
1.491980123733052608e+02 1.249437789770816032e+01 5.366706594708437450e+01
1.488889649423017829e+02 1.236979070685796955e+01 5.342843520102964305e+01
1.489915580711684413e+02 1.244684890234449348e+01 5.357081596536644241e+01
1.494389539730595402e+02 1.262797449285536722e+01 5.397974785368493400e+01
1.501633115411054007e+02 1.288096763342255002e+01 5.457041961008000186e+01
1.511259429891916284e+02 1.325588317025726504e+01 5.538405803460430121e+01
1.520864317786260642e+02 1.368819855791028672e+01 5.634154710192619575e+01
1.527923083673379949e+02 1.400292951896216387e+01 5.700939113392713153e+01
1.529838839892940143e+02 1.411416056045515077e+01 5.712356046977608059e+01
1.527774779518231014e+02 1.399135477454550802e+01 5.690416392435610504e+01
1.522446813800769405e+02 1.378161701256343896e+01 5.638273587527240238e+01
1.519521609407222229e+02 1.363847425153203829e+01 5.609546604653883861e+01
1.519408202068067908e+02 1.361044856887952825e+01 5.603964576660377617e+01
1.521859681453205155e+02 1.376351630029397555e+01 5.627124888479370668e+01
1.526595644479546081e+02 1.397230339461483339e+01 5.680269112076404525e+01
1.533234858789288069e+02 1.432320360376171919e+01 5.743356149357202156e+01
1.539626036593392087e+02 1.460734354204144836e+01 5.802675471311775368e+01
1.544328740877246844e+02 1.478609831366182625e+01 5.843195852163865567e+01
1.547874979889722624e+02 1.492295350503853868e+01 5.879123776929489509e+01
1.552029192810027212e+02 1.506149357202404460e+01 5.913653488950316728e+01
1.556664034048527867e+02 1.526908428765740844e+01 5.958272417474734084e+01
1.561110628464452361e+02 1.547313998215669884e+01 6.000837026311555888e+01
1.564921167712401200e+02 1.563507963669869660e+01 6.038848083307738790e+01
1.567882702236262844e+02 1.582995480672195221e+01 6.065779181840785128e+01
1.570379638161262505e+02 1.601050707150483277e+01 6.077864946689482650e+01
1.570020344287949854e+02 1.608229710558261161e+01 6.069908735904523667e+01
1.555570663858540570e+02 1.542011466514559892e+01 5.925180114957658617e+01
1.525190923317683769e+02 1.400071665715998925e+01 5.639905079490441864e+01
1.502315153642519761e+02 1.302074356836762981e+01 5.439112661430682039e+01
1.493301113012446422e+02 1.262027115966828994e+01 5.361531306217366222e+01
1.490208254720430716e+02 1.247779679113100215e+01 5.336221607944656853e+01
1.490430155178213738e+02 1.253347958989659716e+01 5.345510362277506999e+01
1.493449022274874665e+02 1.267742968715721119e+01 5.378553230076200009e+01
1.499856610065376685e+02 1.286321208664238824e+01 5.432941658256914508e+01
1.508775700934579334e+02 1.320100478258961907e+01 5.508096617085691804e+01
1.517856229798312313e+02 1.358136106357772732e+01 5.587252131689409396e+01
1.523622087666184086e+02 1.380427361677855380e+01 5.643474617173446006e+01
1.524904099571468237e+02 1.387368405657203851e+01 5.653260205051701348e+01
1.522605341289690273e+02 1.375822766296637489e+01 5.632419522326064509e+01
1.518493864537171021e+02 1.352619601304608565e+01 5.599209922045251631e+01
1.514805698155704761e+02 1.337855440012870645e+01 5.560859988591987957e+01
1.514047650388311297e+02 1.337178418381524914e+01 5.555735012358679370e+01
1.515798385327541666e+02 1.343972182001667370e+01 5.578712649730156414e+01
1.519428049083702490e+02 1.363207260175800428e+01 5.612594737688853996e+01
1.524653167185877578e+02 1.387408479955537999e+01 5.663061003612536837e+01
1.530765477600807287e+02 1.416942945314671043e+01 5.728169891623886656e+01
1.537101867696312922e+02 1.449652786918812986e+01 5.794258698609100122e+01
1.543066049463969591e+02 1.478784607959282127e+01 5.850296900823424551e+01
1.548392654995392945e+02 1.501005806385561492e+01 5.894982668597253195e+01
1.551690550363447585e+02 1.519934330803094724e+01 5.920230792856829538e+01
1.553770669708803212e+02 1.530931946821113598e+01 5.937491114913781587e+01
1.555342503619849879e+02 1.542128179252043907e+01 5.949255407836426457e+01
1.557926447574334929e+02 1.553641495912129145e+01 5.969940181065625495e+01
1.561166045076272724e+02 1.568918286458104738e+01 6.007154432305149783e+01
1.562689965337194451e+02 1.580193643689760563e+01 6.022869407514662043e+01
1.553944042238895520e+02 1.540593509133722350e+01 5.940850920685065972e+01
1.527786070524914805e+02 1.418015152179954086e+01 5.694519181548272257e+01
1.503977681248445890e+02 1.308771591125151801e+01 5.471858774662513270e+01
1.493044915390578069e+02 1.259331022479633688e+01 5.376622789697687921e+01
1.489607110994105881e+02 1.246727216883857636e+01 5.348076726193087893e+01
1.490463223787167522e+02 1.251327863337867363e+01 5.360006142775657167e+01
1.494520190718558581e+02 1.267340324397057394e+01 5.397360361546224539e+01
1.500514589092185531e+02 1.291095461658841970e+01 5.451016336858116773e+01
1.510099629970895023e+02 1.326814093282436069e+01 5.535726675734573377e+01
1.520917672180539171e+02 1.373660655521916496e+01 5.635988182469688468e+01
1.528672648560104221e+02 1.410484986763781023e+01 5.706643704386234361e+01
1.531109663171134798e+02 1.421562020095651846e+01 5.730364325099088774e+01
1.529314788001111651e+02 1.416660523891009582e+01 5.716155207464935017e+01
1.525533236804001547e+02 1.395658520176092843e+01 5.682847176517046250e+01
1.522212978807424122e+02 1.376752519269302155e+01 5.652344931478800305e+01
1.521124171822210656e+02 1.370528863732759994e+01 5.642331768388106639e+01
1.522822020388164788e+02 1.382205110204320420e+01 5.663783803548184181e+01
1.527390475772600382e+02 1.405431383733345108e+01 5.713590013601860562e+01
1.533129758822927045e+02 1.431279891185116959e+01 5.767576236233600895e+01
1.539862665087095763e+02 1.464696883272636896e+01 5.820148450411712560e+01
1.546792769075512126e+02 1.500535006508417091e+01 5.877525923975838396e+01
1.553039533149050158e+02 1.532018633086159731e+01 5.937444166556974068e+01
1.557766486771093923e+02 1.558526757638249016e+01 5.982096002808125945e+01
1.561726690360229952e+02 1.575947230631974527e+01 6.017875769675163866e+01
1.565487414622731137e+02 1.591945651061091382e+01 6.049684817106167856e+01
1.568805449519547324e+02 1.607485557164377710e+01 6.080223333772102734e+01
1.572020578298451028e+02 1.622798473081479642e+01 6.115920758194023676e+01
1.575193585187135170e+02 1.640667222441607009e+01 6.151481432729293886e+01
1.577233557105875263e+02 1.652737776607725095e+01 6.173032629839264018e+01
1.570513872435025462e+02 1.624981059775057446e+01 6.111259269009696737e+01
1.544263232562561257e+02 1.502433124186447877e+01 5.860212218273294837e+01
1.515058517250961643e+02 1.366918666725169373e+01 5.583891448378746247e+01
1.500282494551942989e+02 1.301745425825983915e+01 5.453198338525441358e+01
1.496120793295599185e+02 1.282234069003846599e+01 5.412790575227063528e+01
1.496842028286019399e+02 1.285783862050809567e+01 5.420119199099059415e+01
1.501675500563087837e+02 1.307177687098708496e+01 5.465318912436195831e+01
1.510816872157137993e+02 1.342393781170930112e+01 5.543180056455033622e+01
1.522874438740438450e+02 1.393484416363184231e+01 5.662141927368990935e+01
1.537199303818758835e+02 1.452592397583841510e+01 5.785213461454083017e+01
1.547176677928422066e+02 1.499000190133532229e+01 5.885395550875345805e+01
1.550870109546166020e+02 1.514736518801281129e+01 5.917146973220422979e+01
1.547931376420516756e+02 1.495124391207055403e+01 5.887471955303994520e+01
1.539416187676422112e+02 1.462671083614877254e+01 5.811551782136223210e+01
1.533401518143126623e+02 1.432131981922688801e+01 5.748607345004607083e+01
1.531827183244848243e+02 1.420078247261345794e+01 5.734017960305968842e+01
1.532703640325859737e+02 1.437734485835051856e+01 5.751555731063431409e+01
1.535687449724306362e+02 1.453109414534977262e+01 5.784709022567387393e+01
1.542813449753557791e+02 1.480091264095476333e+01 5.840537054100303038e+01
1.551343761426294066e+02 1.526027964254895863e+01 5.927372354584412051e+01
1.558137978441782536e+02 1.565089289631872305e+01 5.997411990113056390e+01
1.563478726982873468e+02 1.596253638132011154e+01 6.048733271905576458e+01
1.568941716759539702e+02 1.624973746946894337e+01 6.096259634651104875e+01
1.573063650856332174e+02 1.649509309230251830e+01 6.139267108361487857e+01
1.576216430462316964e+02 1.664360785690258027e+01 6.165041609992248084e+01
1.577851725096163591e+02 1.676460737425592029e+01 6.172689804454974905e+01
1.579590876515583773e+02 1.694627118891960293e+01 6.182112529799774592e+01
1.582745659836485288e+02 1.716691530282421496e+01 6.210900940429701933e+01
1.586074005821011212e+02 1.733625115177043696e+01 6.240968803475055893e+01
1.586481754493732979e+02 1.736979509455486692e+01 6.245420268234536820e+01
1.572782297105582643e+02 1.665928802305003487e+01 6.122525119564740237e+01
1.542993696342123258e+02 1.507550348821903441e+01 5.832395828762815881e+01
1.516772702675032463e+02 1.378947537770757492e+01 5.583731004928846176e+01
1.504964137890687823e+02 1.318728006669299369e+01 5.473346642680590435e+01
1.503530999078583648e+02 1.305626636245301420e+01 5.471226361282962358e+01
1.506912158308104210e+02 1.316807511737089165e+01 5.512601172977637276e+01
1.515145598408728631e+02 1.350262530531057514e+01 5.593275123221154388e+01
1.527080675120296007e+02 1.396470829128457147e+01 5.704108054348938595e+01
1.541804674359761975e+02 1.459266523335234744e+01 5.844892574554283016e+01
1.555775393795796617e+02 1.530351162008395072e+01 5.966521872669036242e+01
1.564177131323768037e+02 1.581816360259166565e+01 6.054718968013689562e+01
1.567408465329881722e+02 1.601475436210199987e+01 6.082986120252146378e+01
1.565663449022274847e+02 1.590072982025068349e+01 6.062732511371447686e+01
1.560467041083468587e+02 1.558746288739707175e+01 6.008285726821991091e+01
1.555026794202389908e+02 1.531515510508534028e+01 5.954270837903850833e+01
1.552931712810612339e+02 1.523679961388267223e+01 5.935843095958931315e+01
1.554757843008204929e+02 1.536230383338452299e+01 5.948575899843505255e+01
1.561198309274128633e+02 1.566412326503151853e+01 6.002654702879791415e+01
1.569343278779635114e+02 1.612035306334371754e+01 6.086902724759773520e+01
1.577715955128486485e+02 1.656632442630862911e+01 6.173622775072031033e+01
1.585500519210799553e+02 1.698902490749272332e+01 6.230891872522779806e+01
1.592875272402849021e+02 1.739205241835227511e+01 6.296698258084331457e+01
1.598679932136954562e+02 1.776558729322978536e+01 6.354437131616280965e+01
1.602528834481447291e+02 1.795950448276366274e+01 6.393757331110233366e+01
1.605077457475904339e+02 1.808139177745601245e+01 6.413625553946732794e+01
1.606922688780659030e+02 1.817604756263437338e+01 6.439139133868631859e+01
1.607251561288812809e+02 1.818094276980679425e+01 6.451511854094452758e+01
1.607614657832770320e+02 1.819832682491626841e+01 6.462934052915625216e+01
1.609129554063738681e+02 1.834050721776139881e+01 6.481685460635046070e+01
1.610698404340894854e+02 1.856297515100990125e+01 6.491715150717388383e+01
1.605452503181080317e+02 1.832980855015868826e+01 6.436797273777661132e+01
1.580179617685343771e+02 1.703574217893028120e+01 6.186983750895821288e+01
1.544271364427478659e+02 1.511390022377254105e+01 5.828686469805332848e+01
1.518272358972108975e+02 1.388455238178813289e+01 5.582253667383324114e+01
1.509587790502098699e+02 1.332635104500314505e+01 5.504785953519664332e+01
1.508800930191742395e+02 1.323749433255817287e+01 5.504946396969563693e+01
1.513075921781990019e+02 1.341672297544352332e+01 5.549272958624018059e+01
1.520819753411434476e+02 1.379387038743363547e+01 5.624823395199859277e+01
1.531295584514355141e+02 1.427810100478258981e+01 5.717057464203706019e+01
1.544404823541456437e+02 1.477461132318312842e+01 5.848069267108361657e+01
1.555206470390358788e+02 1.527712254837435779e+01 5.951954133941760716e+01
1.559489008819270737e+02 1.544964971553098465e+01 5.990309040118174977e+01
1.557067073259912604e+02 1.527825457417401545e+01 5.960419902593128683e+01
1.550280929606716143e+02 1.491682974273470563e+01 5.896533865707223754e+01
1.543360712561976129e+02 1.469796849633627289e+01 5.831062992701797754e+01
1.539303277609582778e+02 1.456086320623638031e+01 5.791433606833106751e+01
1.539382914308279453e+02 1.459559767744577563e+01 5.790305091190967346e+01
1.543076433679961497e+02 1.480450177701724357e+01 5.824407734047065333e+01
1.549313705702543302e+02 1.508487999648984257e+01 5.880030275108595816e+01
1.555551752884910570e+02 1.533302034428795046e+01 5.947200941892267423e+01
1.561836251151770512e+02 1.568183493484270130e+01 6.012376084126775311e+01
1.568516402673569985e+02 1.600390651280476106e+01 6.083942638175888362e+01
1.573697731560703801e+02 1.631509952759130044e+01 6.143006596171003508e+01
1.577820104427186152e+02 1.657275386482968571e+01 6.180900355403448998e+01
1.581495356354116382e+02 1.684298187881181263e+01 6.207893174206192555e+01
1.584941980021353345e+02 1.710619396545419946e+01 6.231488891814019837e+01
1.587156011876032835e+02 1.722867359922776487e+01 6.248598130841121190e+01
1.588654366489696201e+02 1.729386453717110683e+01 6.261947259883287131e+01
1.589570181211881845e+02 1.735519137671303014e+01 6.269363052666988523e+01
1.591747648925745580e+02 1.737547716203764736e+01 6.288966989893671666e+01
1.594835461366328673e+02 1.753613268395419311e+01 6.320149766720781770e+01
1.598178096617085657e+02 1.769158293478419708e+01 6.357849004724086939e+01
1.596723048571804782e+02 1.759283342840009823e+01 6.345365568279876811e+01
1.576059570298217238e+02 1.653279510918052608e+01 6.141465051994208579e+01
1.541848522077428356e+02 1.481563043891594589e+01 5.816976291811094768e+01
1.518313822707794145e+02 1.372081815921489500e+01 5.599374899448612553e+01
1.510240021645971353e+02 1.330843900370029154e+01 5.519507407894928974e+01
1.509728328433738511e+02 1.328873385693182918e+01 5.517872259517645972e+01
1.514107176809559405e+02 1.347163207698945442e+01 5.560130607110993850e+01
1.522971465344507465e+02 1.380848726836616791e+01 5.639851257075161328e+01
1.534404574905298944e+02 1.432211838006230487e+01 5.750057771342488877e+01
1.547848171061676510e+02 1.491283401342635173e+01 5.879916926272066746e+01
1.558932546473022853e+02 1.545530984452927292e+01 5.987115820572448399e+01
1.563796147602123767e+02 1.573329676919251696e+01 6.036575841340879833e+01
1.563115425679727366e+02 1.576179778567563261e+01 6.022048469425065775e+01
1.556600193058663422e+02 1.547004811840931282e+01 5.956144530735817000e+01
1.549076155792491249e+02 1.512128179252044013e+01 5.878815175581004127e+01
1.544174630336536325e+02 1.485542099951735295e+01 5.828210843461600632e+01
1.543314173723545935e+02 1.482384713264007736e+01 5.821429950419025090e+01
1.545959238295818636e+02 1.496962543694148273e+01 5.853149196320185155e+01
1.551933789653810720e+02 1.528022026238427422e+01 5.911499861056265104e+01
1.558250478990244687e+02 1.559274274933087590e+01 5.982872186389364089e+01
1.564534245974288069e+02 1.590696620010822926e+01 6.044995977944510201e+01
1.570346277039182041e+02 1.620939844675529784e+01 6.101942725929826139e+01
1.575962923961212709e+02 1.648730493030874911e+01 6.153807935881122404e+01
1.580270896406476311e+02 1.674220964415778212e+01 6.195404472525704875e+01
1.583177994237491362e+02 1.690586781331812105e+01 6.224812572214177919e+01
1.585969169116464172e+02 1.706403697365919214e+01 6.255898965966098046e+01
1.589644728182177289e+02 1.726334518011495689e+01 6.289850672048908109e+01
1.592834993345326495e+02 1.751933072996650864e+01 6.321420589998976425e+01
1.595321179412926256e+02 1.765346262413525835e+01 6.348586576572623841e+01
1.597768812250449741e+02 1.777317947142877941e+01 6.366835007970982474e+01
1.598084082898220117e+02 1.776475509338481729e+01 6.362923376186506630e+01
1.580666008512131953e+02 1.692544425431091071e+01 6.205852163865853299e+01
1.548390329516037127e+02 1.517857341348192968e+01 5.889268424670557067e+01
1.521780790662980962e+02 1.387628888596375809e+01 5.640898746581252965e+01
1.510747283284337357e+02 1.332032381203106475e+01 5.530921416348558495e+01
1.509072982025068370e+02 1.321441065917833058e+01 5.515301800418293965e+01
1.512126248665408923e+02 1.335372442338349863e+01 5.548242288622702034e+01
1.519770347944364062e+02 1.369137817559562897e+01 5.619529200122855173e+01
1.531005791759905321e+02 1.424374533807204557e+01 5.726274699077121255e+01
1.544083673379842878e+02 1.482344638965673589e+01 5.847075600017550556e+01
1.555500153569391557e+02 1.543186784256943511e+01 5.957256373129744276e+01
1.561778933204627435e+02 1.572707940268819549e+01 6.018758281777894581e+01
1.561719026516314841e+02 1.576262706038933459e+01 6.014931625056674136e+01
1.555134512161233147e+02 1.550303043599081576e+01 5.954040922586401052e+01
1.546756731458324055e+02 1.507273777660772573e+01 5.867514077194213939e+01
1.541467889371535591e+02 1.478867389174089197e+01 5.818795138431837444e+01
1.540946762610972200e+02 1.478745849970017368e+01 5.812857121963347851e+01
1.544256899653371988e+02 1.493131060506340191e+01 5.854065786202156119e+01
1.550153891155865722e+02 1.515200152106825726e+01 5.910023986076375024e+01
1.556396881810071307e+02 1.546117473271613107e+01 5.975410907814487871e+01
1.563433767715326326e+02 1.579151419419946478e+01 6.047338423061734858e+01
1.570309698272710079e+02 1.614223012007663982e+01 6.111442528483465964e+01
1.575939230397964081e+02 1.654537317362116511e+01 6.160249806210053691e+01
1.580973571439018315e+02 1.692629107981220571e+01 6.199654688254135237e+01
1.585209819665657562e+02 1.718249016424612208e+01 6.240923756453570803e+01
1.588612039840287764e+02 1.739292557003495432e+01 6.269339651616866149e+01
1.591455867082035240e+02 1.755571643777514623e+01 6.298311467977125488e+01
1.594042341275064700e+02 1.763954338700949265e+01 6.324753192049492867e+01
1.595614701709739336e+02 1.770331709885481075e+01 6.342668012227048990e+01
1.590496906673687079e+02 1.738631623594108788e+01 6.290805142380764181e+01
1.564437833647784828e+02 1.602912699457388257e+01 6.030540418001258018e+01
1.530883389642110330e+02 1.435953665920758127e+01 5.709160926096558342e+01
1.511027466982580734e+02 1.333827534260599990e+01 5.538231611893584017e+01
1.504437116990625043e+02 1.300703932838986177e+01 5.481952671376127739e+01
1.504187910432480635e+02 1.297024848990098356e+01 5.480677021631345980e+01
1.508253696634636469e+02 1.316676904626095101e+01 5.521416494815204601e+01
1.515992467786991824e+02 1.349019934769572870e+01 5.592178637766370031e+01
1.526545683237535229e+02 1.397165255290831176e+01 5.686852705015137843e+01
1.538813961651529212e+02 1.451431705497784286e+01 5.793157386687727950e+01
1.549602299153174556e+02 1.503832653240314166e+01 5.891642607462009806e+01
1.554932517221710384e+02 1.529965922220759644e+01 5.947284161876763875e+01
1.554238573705995066e+02 1.527951091805244843e+01 5.940181358138446654e+01
1.548845626197475553e+02 1.495703567197577932e+01 5.883279364661488842e+01
1.542795679581121249e+02 1.463910461731970258e+01 5.819503020198031606e+01
1.539609933745776971e+02 1.446700451932780496e+01 5.780473432495283248e+01
1.539383353077969332e+02 1.446346949819373151e+01 5.775369663463647640e+01
1.541885364105714302e+02 1.461034180158834594e+01 5.806925687040205730e+01
1.546730434528249418e+02 1.489135331197987533e+01 5.863183420355988318e+01
1.553928933935910379e+02 1.528807716496277713e+01 5.938160531203837422e+01
1.561530253170110996e+02 1.572413233293844037e+01 6.015805654278735659e+01
1.568763166747107789e+02 1.607260175800389135e+01 6.090154885700496123e+01
1.574413160165562431e+02 1.636049171456568985e+01 6.142857706989601496e+01
1.579080324104544104e+02 1.664529712020826935e+01 6.170969973527562047e+01
1.582335307796937514e+02 1.691133342108727078e+01 6.194650519942082667e+01
1.584656882102584348e+02 1.704816667397949459e+01 6.210414783613414613e+01
1.586292805639652954e+02 1.719148933058371043e+01 6.228000380267064173e+01
1.588849970017404587e+02 1.730921562605121977e+01 6.253997776900238392e+01
1.591596288008424267e+02 1.744700393430155216e+01 6.288954850598920387e+01
1.589535328272856134e+02 1.726354408904099458e+01 6.275411639097304572e+01
1.566668772761177593e+02 1.608164918900735785e+01 6.055790736109283046e+01
1.530717052052710869e+02 1.428094276980679567e+01 5.711588346277039108e+01
1.507313149927603035e+02 1.323231685021865367e+01 5.493848010179456764e+01
1.499526860017843433e+02 1.286984774691764244e+01 5.426429146007927073e+01
1.498958390007751689e+02 1.283694294531467150e+01 5.419664048674184187e+01
1.501469659075951029e+02 1.301845172802129547e+01 5.447367235604697555e+01
1.507908092375645310e+02 1.328554400128705737e+01 5.511628128062246645e+01
1.517840902110482091e+02 1.368445731502201212e+01 5.601313237681540613e+01
1.529204525178067229e+02 1.404437862899097667e+01 5.698069705878051394e+01
1.538681087563804510e+02 1.445041024965995291e+01 5.783696195866789225e+01
1.543360142161379542e+02 1.467147850759802807e+01 5.830859257309171539e+01
1.542359337750281441e+02 1.458036505638190583e+01 5.822924838752138754e+01
1.536685621517265474e+02 1.433013762742602992e+01 5.768510669416289716e+01
1.531059979816594137e+02 1.410355549705293043e+01 5.717873722083278665e+01
1.528181665277229229e+02 1.395082269316835522e+01 5.686557998040161976e+01
1.527247319848478071e+02 1.393629649130504689e+01 5.673444049551723367e+01
1.528255290831176012e+02 1.401025697278165438e+01 5.685275181723779525e+01
1.531909730449153813e+02 1.426369619586678894e+01 5.725673584602108690e+01
1.538237900925803956e+02 1.452424056279525466e+01 5.791455545317596432e+01
1.544727377766077154e+02 1.478409898644201625e+01 5.857181782282479787e+01
1.549819870416685035e+02 1.506719465286004755e+01 5.908123528293332072e+01
1.555094218478054131e+02 1.533735831395433813e+01 5.959106372398461104e+01
1.559729045090898580e+02 1.555142965790589926e+01 6.003031313530194524e+01
1.562368171646702706e+02 1.576254515671390699e+01 6.024628435201029930e+01
1.564427186169979507e+02 1.590714024541851401e+01 6.045380632705892765e+01
1.567452020534421422e+02 1.602736021528966148e+01 6.065982039694031158e+01
1.569896260219677231e+02 1.615717900340777646e+01 6.091263364193468277e+01
1.572160487326868861e+02 1.632184049259210568e+01 6.113466865575592379e+01
1.575682272241966757e+02 1.649248533777953440e+01 6.144773521711786657e+01
1.576462390124756894e+02 1.658716013631111608e+01 6.147697629181109846e+01
1.560782443362145955e+02 1.577886885173972153e+01 6.000269697102657318e+01
1.529689833706287629e+02 1.425653547452941972e+01 5.696331739136793715e+01
1.507392186974390427e+02 1.319519839702806685e+01 5.486938265104646462e+01
1.498848931595805425e+02 1.268207918330335104e+01 5.412997089494390934e+01
1.496506106211516283e+02 1.253066122592251297e+01 5.389457241893730099e+01
1.497211677124010976e+02 1.254544337677153187e+01 5.402372281456130310e+01
1.501072470127097063e+02 1.273340646161496537e+01 5.443084112149532672e+01
1.507347213081187078e+02 1.296948941833764835e+01 5.499909028417650347e+01
1.516209263890717125e+02 1.331828060784227752e+01 5.584852353999385599e+01
1.525448232489432883e+02 1.372988606613721707e+01 5.674693665628245043e+01
1.530705702543401685e+02 1.396472291694089840e+01 5.723207552688926825e+01
1.531823395199859590e+02 1.400597896830620215e+01 5.729791438140786397e+01
1.529630965439574197e+02 1.390026618694513871e+01 5.708440027496234137e+01
1.524902417620990605e+02 1.381678294063446089e+01 5.659730010384215859e+01
1.521497462448627402e+02 1.369217819899668065e+01 5.627695142819533913e+01
1.520877583256548746e+02 1.371322013075336699e+01 5.624660026618694530e+01
1.522623667237067195e+02 1.381957644099279037e+01 5.646896289470989672e+01
1.527052827870650731e+02 1.406228920772819713e+01 5.689618416626446162e+01
1.532653503575972991e+02 1.423184297895368111e+01 5.743985930118613936e+01
1.538510684041946490e+02 1.448121480701446551e+01 5.798292308367337711e+01
1.544699954660465266e+02 1.473710382753426096e+01 5.862891784768841319e+01
1.550492328843256757e+02 1.499420385239787556e+01 5.916282889444664050e+01
1.554533982712474085e+02 1.521833033507378730e+01 5.953991049098328148e+01
1.557156465271378920e+02 1.536414227838474211e+01 5.975919441884954608e+01
1.559455369809720082e+02 1.552490895528936932e+01 5.988800111154988315e+01
1.560722434294239065e+02 1.557576236233600930e+01 6.003780147134102663e+01
1.561866292249864614e+02 1.567698652977052376e+01 6.013853421672297372e+01
1.563244789609933605e+02 1.574697907068579639e+01 6.028000234010501401e+01
1.565843154461556423e+02 1.609336872742164459e+01 6.044502800813186383e+01
1.568487399997074760e+02 1.634131309142497912e+01 6.064814912319190654e+01
1.568608968452459180e+02 1.635096894973161952e+01 6.058683252160940924e+01
1.552276775920319380e+02 1.556543664896962298e+01 5.899020081026136353e+01
1.522088836236526106e+02 1.413350006581545415e+01 5.622349465432261439e+01
1.502200283737732605e+02 1.310011993038187583e+01 5.448584236467611674e+01
1.495275415734280955e+02 1.267419741710909342e+01 5.381352726953622323e+01
1.492891740891872416e+02 1.249706316820967267e+01 5.362165328419112598e+01
1.493752007371330706e+02 1.257069896011583587e+01 5.377563658169160021e+01
1.498766457519781170e+02 1.278367484240855312e+01 5.426475655595044856e+01
1.506541895192546860e+02 1.306192502888567120e+01 5.491268921942872083e+01
1.515750632559636131e+02 1.341434923142175961e+01 5.574542582598394347e+01
1.524101194916121926e+02 1.382175858891667808e+01 5.647358898980591846e+01
1.528874029222061210e+02 1.403634768110218900e+01 5.691724511137437048e+01
1.528940795343191041e+02 1.401374080411858536e+01 5.694087139660392438e+01
1.525307533675573666e+02 1.376942360288417966e+01 5.649580682433123968e+01
1.519898892837816220e+02 1.351331080982259003e+01 5.597143755576031765e+01
1.516393210770333440e+02 1.337883960042706910e+01 5.563597033916897061e+01
1.515805478770859906e+02 1.333743582993286836e+01 5.559758822927178556e+01
1.517864200781010027e+02 1.347310780571278066e+01 5.577809515452005940e+01
1.522767846957132178e+02 1.363622775072031423e+01 5.639662147338862042e+01
1.528626636245301427e+02 1.386871718368361783e+01 5.708509499363783846e+01
1.534798970353794516e+02 1.415584660611644985e+01 5.775154373802524077e+01
1.540421935559358246e+02 1.442032966229359481e+01 5.835598701241718089e+01
1.545694923434689088e+02 1.463923039796410919e+01 5.880423997776900080e+01
1.549164524008014894e+02 1.489532564023810579e+01 5.904080265601918853e+01
1.552014260014918250e+02 1.507442265221651745e+01 5.932245769528907431e+01
1.554796542494844402e+02 1.523706580082781237e+01 5.952721980898893150e+01
1.556617685343629773e+02 1.530423997776900258e+01 5.967940268819562988e+01
1.557851096192941611e+02 1.536647214543752682e+01 5.977225220481768986e+01
1.559070422535211264e+02 1.550794173138519660e+01 5.993320462755766442e+01
1.560906673686981776e+02 1.561724364880874028e+01 6.007369136940020127e+01
1.562756044052476909e+02 1.571043540578883402e+01 6.018459772132274566e+01
1.565213139689643640e+02 1.586237696166615407e+01 6.044205314963509323e+01
1.568207772073771764e+02 1.602871162593421417e+01 6.075873224810963080e+01
1.562466675442060478e+02 1.576353238851593552e+01 6.015922659529346106e+01
1.536475845728577099e+02 1.453469059424041632e+01 5.769672677811416861e+01
1.510052169716115884e+02 1.327377473564126120e+01 5.523673964869173858e+01
1.497403989879045696e+02 1.270427800447545152e+01 5.408001550319570327e+01
1.493034443420648643e+02 1.247482778289675664e+01 5.367466982580843649e+01
1.493539350328345847e+02 1.247259590774135951e+01 5.369551723633598073e+01
1.497508855834905717e+02 1.270981089026370014e+01 5.403938542992116822e+01
1.504003261521360741e+02 1.298724935281470749e+01 5.465176019773887361e+01
1.513366840711977090e+02 1.336695040439939675e+01 5.548583066415105236e+01
1.524195442645488754e+02 1.378868412970031976e+01 5.647376303511619966e+01
1.532278911266143098e+02 1.402257908823658461e+01 5.726456203472130824e+01
1.535449387916282831e+02 1.410776183581238286e+01 5.753450923610196810e+01
1.533593626138973036e+02 1.397598174718090469e+01 5.734843578605590153e+01
1.529001389437351008e+02 1.368500577713424882e+01 5.689142205256460727e+01
1.524465797902680890e+02 1.347636493937665492e+01 5.644910125341874618e+01
1.521931288666579007e+02 1.348834188934228351e+01 5.628687493601275094e+01
1.522485703420940979e+02 1.361884223304520702e+01 5.643271466807073011e+01
1.526004709461336972e+02 1.382203793895251032e+01 5.682134175771138018e+01
1.530705658666432782e+02 1.411916253491875395e+01 5.726880640018720925e+01
1.535950097260614484e+02 1.433465695523086580e+01 5.781272285843827063e+01
1.541431705497784321e+02 1.461663960920246375e+01 5.824514062568557904e+01
1.546291840346335675e+02 1.486884296432802444e+01 5.867731414447223415e+01
1.549875477162037782e+02 1.508416041419858722e+01 5.900591607798399707e+01
1.553034604302868047e+02 1.523994120486156767e+01 5.928300352478317592e+01
1.556032922352390528e+02 1.535861524285902391e+01 5.952539598964503398e+01
1.557482500402205687e+02 1.542514004065932376e+01 5.961959106664911445e+01
1.559001681950477405e+02 1.553879455340558380e+01 5.970922440144501309e+01
1.560574378775247624e+02 1.561345414125458930e+01 5.981152647975078196e+01
1.563448642007810179e+02 1.568206894534392148e+01 5.991633539555087395e+01
1.564470975385020495e+02 1.577609728986588244e+01 6.005240518918286341e+01
1.566927617626841140e+02 1.595871615988767545e+01 6.036042589911222223e+01
1.570043408947976502e+02 1.614421482164011934e+01 6.070769309522764701e+01
1.567794948298304973e+02 1.603470229476547715e+01 6.046480774574759209e+01
1.546879426089245726e+02 1.499163558714697331e+01 5.847020315036637328e+01
1.517861641291152921e+02 1.365520453980372295e+01 5.576830912787211503e+01
1.500623184590408528e+02 1.288437541134658382e+01 5.428560835417489017e+01
1.494120500782472618e+02 1.258305178944905123e+01 5.375271817822824971e+01
1.493164524008014951e+02 1.258031532915039641e+01 5.370623052959501820e+01
1.496460912933467853e+02 1.276055460488789350e+01 5.404506018457578165e+01
1.502796103725154637e+02 1.295921343220276967e+01 5.457256958155997495e+01
1.512424597428809534e+02 1.341205446594415918e+01 5.553067146388194431e+01
1.523719450660348400e+02 1.388206894534392255e+01 5.658956605677679619e+01
1.532533090547438235e+02 1.427302297690608945e+01 5.739823322071578104e+01
1.534696429877290882e+02 1.439339505360303129e+01 5.757481900750295978e+01
1.531743305105816546e+02 1.423065976335688099e+01 5.723651880128120695e+01
1.525442645488716380e+02 1.395675924707121318e+01 5.665315548535240708e+01
1.519115937577698787e+02 1.365374197417109059e+01 5.606915449080777591e+01
1.516524739297676092e+02 1.351208371725681268e+01 5.580400304213651452e+01
1.517787079695201271e+02 1.360780571278136186e+01 5.594167434513623505e+01
1.522219735860646779e+02 1.384356836763049792e+01 5.640558115045412535e+01
1.527573237974054052e+02 1.408085940356573573e+01 5.697315460781302221e+01
1.532441694821055194e+02 1.430397086569259812e+01 5.747136442747868301e+01
1.538095944305500780e+02 1.454384918023196249e+01 5.801835812382080348e+01
1.543495487985023260e+02 1.483254501045734486e+01 5.851668056104017523e+01
1.547638307519050045e+02 1.503496555657935119e+01 5.891322159331900110e+01
1.551420268234537048e+02 1.514965117809661699e+01 5.921339417606365174e+01
1.554457505155543799e+02 1.529376069501118884e+01 5.948538019393620147e+01
1.557258025828909069e+02 1.543703216181826221e+01 5.973603615462243965e+01
1.559441811826305582e+02 1.552058561127930680e+01 5.991980898892838070e+01
1.562087563804425656e+02 1.562688780659032162e+01 6.011117400143331224e+01
1.563636259927164360e+02 1.578418381524870995e+01 6.023260643821391369e+01
1.564490222748745794e+02 1.587718836382782683e+01 6.023957410088777920e+01
1.561958989659661086e+02 1.574921240840682657e+01 6.000541441797200548e+01
1.544319570590730279e+02 1.494078949292849501e+01 5.837358313954338485e+01
1.516803270296754533e+02 1.366873619703684284e+01 5.582923229929943432e+01
1.498156626153598552e+02 1.291725388676816877e+01 5.422391733579044626e+01
1.491939201146651328e+02 1.260150936773287711e+01 5.368141371594050071e+01
1.490676802246500756e+02 1.255874687376596022e+01 5.357798692466324297e+01
1.492704942009272600e+02 1.265511678586576494e+01 5.376497447822971054e+01
1.498859739955830435e+02 1.292458865341582275e+01 5.438112120281397921e+01
1.508545844119754804e+02 1.334155441475436277e+01 5.521328448364120334e+01
1.520144091966126894e+02 1.373259766282011896e+01 5.620803533558568432e+01
1.529112442045836815e+02 1.410567767978588094e+01 5.702341567577845183e+01
1.532925204393547176e+02 1.425615081976803644e+01 5.734500460708174074e+01
1.530984526055606807e+02 1.416149649715531034e+01 5.717102511225191108e+01
1.524288783584163411e+02 1.384120632413379504e+01 5.651140069910637465e+01
1.518686118789580632e+02 1.347734047065362084e+01 5.603944100741520629e+01
1.516188685592265983e+02 1.333822854050575479e+01 5.578328872508154035e+01
1.515947055124098597e+02 1.331125151741184354e+01 5.580531788864025344e+01
1.518527664428941364e+02 1.346639609202462928e+01 5.610109253652757388e+01
1.523918227955479381e+02 1.371989235516943850e+01 5.666720196568820711e+01
1.530221256928904552e+02 1.406445526743012664e+01 5.720463048279291485e+01
1.535589750340046464e+02 1.429815277960598507e+01 5.761990844339139528e+01
1.539144984131162914e+02 1.446770216313456991e+01 5.791686484430989168e+01
1.541179705439281520e+02 1.452899828879820987e+01 5.809387916282743447e+01
1.542201205154081265e+02 1.463371067526655267e+01 5.810613985052579267e+01
1.543079914586166979e+02 1.471469585947669323e+01 5.817568484635747694e+01
1.544448203238120243e+02 1.482221637195969244e+01 5.831537010223333795e+01
1.549058283240460412e+02 1.495626636245301455e+01 5.864171383440832130e+01
1.551672619308791354e+02 1.516494815204832314e+01 5.896011291006684019e+01
1.553830327760958312e+02 1.530496687288842139e+01 5.928887426323256449e+01
1.550200678630453410e+02 1.514751144457607523e+01 5.892851856727070725e+01
1.528581676977754285e+02 1.416100507510274475e+01 5.702046714346306544e+01
1.502243005279862018e+02 1.302737776607725273e+01 5.458996826232576893e+01
1.488082912845713963e+02 1.242003129890453827e+01 5.333214865517090431e+01
1.482621619645181568e+02 1.206315065888581728e+01 5.281386658476299090e+01
1.481555394673335968e+02 1.197215275035467208e+01 5.273215450543342797e+01
1.484029909467187451e+02 1.206681731092682774e+01 5.291049829611103661e+01
1.489663010252585025e+02 1.232027554736518837e+01 5.345609670483963072e+01
1.499081011510391477e+02 1.262142512395243799e+01 5.424544776446843031e+01
1.508942053149635001e+02 1.306628932473344662e+01 5.509953929182572097e+01
1.518096368449534168e+02 1.346987992336156026e+01 5.587678762084448891e+01
1.522807029090430433e+02 1.368647273046378032e+01 5.627787430710953487e+01
1.521197534114343455e+02 1.361814605180407511e+01 5.613558860953884988e+01
1.516994720138066270e+02 1.341732555248416858e+01 5.576333932985242825e+01
1.513039620902987963e+02 1.326572916209614839e+01 5.548353151097655456e+01
1.511804001579570809e+02 1.323574217893027871e+01 5.547172275605867497e+01
1.513924268351542253e+02 1.335308674476767088e+01 5.569110467582233071e+01
1.518122489871732910e+02 1.354232372427712683e+01 5.612645342459742892e+01
1.524042019510625607e+02 1.379560645283957143e+01 5.660154739443932215e+01
1.530186725754318218e+02 1.404582656896728210e+01 5.718303716379272572e+01
1.536293098152779635e+02 1.433377941585128568e+01 5.773315490032614861e+01
1.541213607710645874e+02 1.461577815804484182e+01 5.826933584894621987e+01
1.545043452824945405e+02 1.480233864244658015e+01 5.869289924385356727e+01
1.548546516899945971e+02 1.496652626036593325e+01 5.899525689965336994e+01
1.550049288461819685e+02 1.509169262720664584e+01 5.911672882570605481e+01
1.550409737761982001e+02 1.514950199640208872e+01 5.905282933321633010e+01
1.551722551299489510e+02 1.525732087227414269e+01 5.917362847907799761e+01
1.553817486434703881e+02 1.537810246734822250e+01 5.943805303262983841e+01
1.555293390665906088e+02 1.544975794538780001e+01 5.953575972971787422e+01
1.547853465549266616e+02 1.508079358811226633e+01 5.880277009930820498e+01
1.521231494888333202e+02 1.386995890190572389e+01 5.634431573866877585e+01
1.494835783130768050e+02 1.277655214777763071e+01 5.392211984262793578e+01
1.482957205329589101e+02 1.224073245286882283e+01 5.286598511108186216e+01
1.478273514398958639e+02 1.204166264461117741e+01 5.247397803226419910e+01
1.478824828514179615e+02 1.204110394453951116e+01 5.255315987304930303e+01
1.482824155733988505e+02 1.216831351556901097e+01 5.293247334474134647e+01
1.489477688561274249e+02 1.238799964898424832e+01 5.349788220496395041e+01
1.498010296462053645e+02 1.267298348763400817e+01 5.413203603761719052e+01
1.506373027364602990e+02 1.302732218858321289e+01 5.488646834276688224e+01
1.513342723004694790e+02 1.335604844017375292e+01 5.554203852397876062e+01
1.516754230471092342e+02 1.351373056615915580e+01 5.591520190718558325e+01
1.515939596039372361e+02 1.344847088763108189e+01 5.579992394658709998e+01
1.511617802348880275e+02 1.324477498427742006e+01 5.541897240138651171e+01
1.507183186345487229e+02 1.305017916428999669e+01 5.502592836353531425e+01
1.505186755005630914e+02 1.303222617114943027e+01 5.484458631331081335e+01
1.506186243107659379e+02 1.307535284395887309e+01 5.492722419668582745e+01
1.509216518216254883e+02 1.317118891960276805e+01 5.523225834759335129e+01
1.513533602445409656e+02 1.337545376098752392e+01 5.562705892676933672e+01
1.519369400201834139e+02 1.366548783876676509e+01 5.616366255685723985e+01
1.526698462843520190e+02 1.397352609948371516e+01 5.685379608909949667e+01
1.533666842174542637e+02 1.425448642007810029e+01 5.750564696590759439e+01
1.539126190162783416e+02 1.452201015020549058e+01 5.792255568718645975e+01
1.542355652084887367e+02 1.466078130256095235e+01 5.817067848419697640e+01
1.544631272578357084e+02 1.470882073333040907e+01 5.836461907478098254e+01
1.546279964313398523e+02 1.479853158410483616e+01 5.856802100244248521e+01
1.548059628800842518e+02 1.492659968116069180e+01 5.879334678893715704e+01
1.549959750193789887e+02 1.499686133415237066e+01 5.901816945285419536e+01
1.553930893773858202e+02 1.516272505228672074e+01 5.931000833662410798e+01
1.554581048074532248e+02 1.529112953943808151e+01 5.952113846108844086e+01
1.544650315182893792e+02 1.480545390724408783e+01 5.865535225893261639e+01
1.515374606935486099e+02 1.359967677299518840e+01 5.579947201380662136e+01
1.491277521828792203e+02 1.255556140581808577e+01 5.356479750778816395e+01
1.480155865619469751e+02 1.213114679771254778e+01 5.253736270165124012e+01
1.476367703625700187e+02 1.192060462463252968e+01 5.219159463530925791e+01
1.477165694060520877e+02 1.189447735217117952e+01 5.230300996007196090e+01
1.480686542933614191e+02 1.196960642358825844e+01 5.271931610431018100e+01
1.486381393240021680e+02 1.219153174498705638e+01 5.323631550465827189e+01
1.494539818349348366e+02 1.253700876076814019e+01 5.400710806897459548e+01
1.504547672326795578e+02 1.291392362482266343e+01 5.489306597633569140e+01
1.511009696810144476e+02 1.318993169818495659e+01 5.545661591563921178e+01
1.512412531262340281e+02 1.327970397671595570e+01 5.559947347637225334e+01
1.510450309332631207e+02 1.322896172465739362e+01 5.542963304228277366e+01
1.506954806721951741e+02 1.309842774194492065e+01 5.505701812118818594e+01
1.504176224533075867e+02 1.296689336433972528e+01 5.477886446404282594e+01
1.503927910139967423e+02 1.295107425445716842e+01 5.472574261769997150e+01
1.506171909964459701e+02 1.294587775876442493e+01 5.492195164758018677e+01
1.510435990815087735e+02 1.306198353151097713e+01 5.533595425094701170e+01
1.516428955874394831e+02 1.330628610708905590e+01 5.587234434645255021e+01
1.523237944802773143e+02 1.356333640472116109e+01 5.648926330569084087e+01
1.529085077442850320e+02 1.392236116595732298e+01 5.699370658008277957e+01
1.535023371798809535e+02 1.427958989659660993e+01 5.755047606511342195e+01
1.540044359615637859e+02 1.455100990156933349e+01 5.802601758003890353e+01
1.543629546750910322e+02 1.473151682681760377e+01 5.838656633466426626e+01
1.546180202711596792e+02 1.485272841618767714e+01 5.861372764102789290e+01
1.548026004416948069e+02 1.494821201351410700e+01 5.879807672619308789e+01
1.550336229213286003e+02 1.509794948298304895e+01 5.900912640954762622e+01
1.551962865458587544e+02 1.518854079826832226e+01 5.911083176107527493e+01
1.553495034589677175e+02 1.528621385634680330e+01 5.923498895762947569e+01
1.554275371857312109e+02 1.535389846869378339e+01 5.939392011466514276e+01
1.548459494244804375e+02 1.506381612624866584e+01 5.883493045500416940e+01
1.522823731589955116e+02 1.384741345267868873e+01 5.642529068491948863e+01
1.495603717841838147e+02 1.265665540491129626e+01 5.388997411258830539e+01
1.483010808360025123e+02 1.207512468372018155e+01 5.274171090927705308e+01
1.478375542977491079e+02 1.183748701973001083e+01 5.231623886621912334e+01
1.477742018048059833e+02 1.176442162842057471e+01 5.228804791365012505e+01
1.480564564959852589e+02 1.190872859169555298e+01 5.267522706331446614e+01
1.486853377795328583e+02 1.217606657598759767e+01 5.331669226156523678e+01
1.495999180963245863e+02 1.255944744270399127e+01 5.405523964137890403e+01
1.505963933131499175e+02 1.294556476971904146e+01 5.498078920041536577e+01
1.513692802714521690e+02 1.325593143492314141e+01 5.572782677372646987e+01
1.515898585699033276e+02 1.329581559972503690e+01 5.590962221929709131e+01
1.513930601260731521e+02 1.317960452225293544e+01 5.568684714726573048e+01
1.509417694119023565e+02 1.297095929679844417e+01 5.523960920246295814e+01
1.505625627075015132e+02 1.277704942009272671e+01 5.486944407880303487e+01
1.504019232738069149e+02 1.279491319672970384e+01 5.460054699954660151e+01
1.505218521931171551e+02 1.297833062758691369e+01 5.463203603761719052e+01
1.509028227516709819e+02 1.315463121407573155e+01 5.492902315241396138e+01
1.514481798370701995e+02 1.336744328901759538e+01 5.540458660582393691e+01
1.520208430228306611e+02 1.362050224503824580e+01 5.590805581150453918e+01
1.526317201234405445e+02 1.391766633027657107e+01 5.652805639653079339e+01
1.531635133751627222e+02 1.418218741316016640e+01 5.710296315797171474e+01
1.535620010822985648e+02 1.433450484840507144e+01 5.755824960145086777e+01
1.538647507056879249e+02 1.448815906863820580e+01 5.785756365816916258e+01
1.541340046509587012e+02 1.464114928407412286e+01 5.813079870709198360e+01
1.542977900633291028e+02 1.473453263715209260e+01 5.828962894709900411e+01
1.543903105026838034e+02 1.479809573954631219e+01 5.830539832975004799e+01
1.545738946660231363e+02 1.491132025799657690e+01 5.839132259810158843e+01
1.549489988738244506e+02 1.505883024000702086e+01 5.861728898834335411e+01
1.550109297529726575e+02 1.513895836075643864e+01 5.867907946119082396e+01
1.548403624237637644e+02 1.509867784066810081e+01 5.867216298831409915e+01
1.532627689292557136e+02 1.439860032468957129e+01 5.730634753484562793e+01
1.504305939479034180e+02 1.316604507627279830e+01 5.476279671800271842e+01
1.485052652362774666e+02 1.233985345092361108e+01 5.307403214719260376e+01
1.477542977491114868e+02 1.195707223611659487e+01 5.235944890526962325e+01
1.475133459113977779e+02 1.187385956444795454e+01 5.213052520731867645e+01
1.476552849809135068e+02 1.182085618592134324e+01 5.240397232825822726e+01
1.481247860997762302e+02 1.193532973542187747e+01 5.287862752841033398e+01
1.487680955932897575e+02 1.213734076316674759e+01 5.346897313266932628e+01
1.496465651646117578e+02 1.247085252950726186e+01 5.433540286370350714e+01
1.506437087739312233e+02 1.283825047899024518e+01 5.514528688224883979e+01
1.510744621414885955e+02 1.308718353736123952e+01 5.547279920436429279e+01
1.509175171485820499e+02 1.300257265294780140e+01 5.529989469527445323e+01
1.503815936115133240e+02 1.276928904684597654e+01 5.475719362906410481e+01
1.499214660757901640e+02 1.260158834627703861e+01 5.437069603498456871e+01
1.497065566817310867e+02 1.253044476620888403e+01 5.415975311892120914e+01
1.496592031942433323e+02 1.255484767378936084e+01 5.411876764219794467e+01
1.498918052447603486e+02 1.271343659046699770e+01 5.428375967121524326e+01
1.503732979392450204e+02 1.298044110979480159e+01 5.475958784900472409e+01
1.509697468298890044e+02 1.320801778479809307e+01 5.527660772527167410e+01
1.514849370365495247e+02 1.340720606087198163e+01 5.574460240153276658e+01
1.520015927339739505e+02 1.361080397232825767e+01 5.624471063138958016e+01
1.525126058531876652e+02 1.385366299562692838e+01 5.675772746552001280e+01
1.528881766194257921e+02 1.402614043555204582e+01 5.710448130109838871e+01
1.530967516417299237e+02 1.411498983516885275e+01 5.729320345750515742e+01
1.532018764717066688e+02 1.416714346306290473e+01 5.734500899477863811e+01
1.533922264636625528e+02 1.423256841150746688e+01 5.749863688883038293e+01
1.536471765170462049e+02 1.437524461410205845e+01 5.774401445014844825e+01
1.538978982931859036e+02 1.448947099001067684e+01 5.792588887426322941e+01
1.540506091585859849e+02 1.452162549544410730e+01 5.802081084638673047e+01
1.537361282962573057e+02 1.441337223757916064e+01 5.773233001330934400e+01
1.519850818305471591e+02 1.377193482807540903e+01 5.613792871455106592e+01
1.496049434718383111e+02 1.280422535211267565e+01 5.404694689424187715e+01
1.481585742910212957e+02 1.219769207143170497e+01 5.277842276922176978e+01
1.475050048995948657e+02 1.191764292922644941e+01 5.215105524110394697e+01
1.473967267781141572e+02 1.187456744621414906e+01 5.209368171646702450e+01
1.477569084287657404e+02 1.192914162023020808e+01 5.247260614570078729e+01
1.484392216225703010e+02 1.213892618431252046e+01 5.310255656472584462e+01
1.493621400260336713e+02 1.242406651748497204e+01 5.390797390782911691e+01
1.504049697980196925e+02 1.281700671317625329e+01 5.484887894344258541e+01
1.511973161920641076e+02 1.316994573881502895e+01 5.557134687669109496e+01
1.516138899858131026e+02 1.343690053091132519e+01 5.592176590174484119e+01
1.515537419741710892e+02 1.342667134687669162e+01 5.587541427171544228e+01
1.510866570137334861e+02 1.318030801632223259e+01 5.539533880332879789e+01
1.505698126453424663e+02 1.296544688692905112e+01 5.484742661576938616e+01
1.502990200810261285e+02 1.286533426937533875e+01 5.458495019964021111e+01
1.502685109619294224e+02 1.282697263539701282e+01 5.463955362496891865e+01
1.505082649583900150e+02 1.293113363462185283e+01 5.482136077106460448e+01
1.509706784841969807e+02 1.315035320960028109e+01 5.529376508270808444e+01
1.515717373817149962e+02 1.340191596097874971e+01 5.590130899624120531e+01
1.521042780044754466e+02 1.365945183040089006e+01 5.639136647507056921e+01
1.525892910944378684e+02 1.378399806941336436e+01 5.683825047899024696e+01
1.529983399880069612e+02 1.393396954938352827e+01 5.718507451771898076e+01
1.533252731341318906e+02 1.405500124318078825e+01 5.747425006947186432e+01
1.535829333216328223e+02 1.416452839571175737e+01 5.773649540023108528e+01
1.538153262252643572e+02 1.431033448876018355e+01 5.797505740570107946e+01
1.539466046538838384e+02 1.445073640179603025e+01 5.815657788893276603e+01
1.540093648077457544e+02 1.452954236321354919e+01 5.825151302414695920e+01
1.541724218624310652e+02 1.458522223684787811e+01 5.817447676714492388e+01
1.536672107410820161e+02 1.434288827461132243e+01 5.781054656077691334e+01
1.514863659631726023e+02 1.354424261038714050e+01 5.590035686601436282e+01
1.490998171792959113e+02 1.251587176224533060e+01 5.374069588872800551e+01
1.478726895119418430e+02 1.202069530370175343e+01 5.264077632983779864e+01
1.473660816404136256e+02 1.178121334444883139e+01 5.219139133868632285e+01
1.472913094350109020e+02 1.175329004139060807e+01 5.212589911222266181e+01
1.475384991151478005e+02 1.186222924253725886e+01 5.236162081523408318e+01
1.482006259780907556e+02 1.201438579556257658e+01 5.293560762289207844e+01
1.491254296286545866e+02 1.230326298392640361e+01 5.369877144486859066e+01
1.502004592456086414e+02 1.271858920919076219e+01 5.462545302970470829e+01
1.510026077545229839e+02 1.304005967267781152e+01 5.534959560060257644e+01
1.513155616983312086e+02 1.317404823541456338e+01 5.564312959794070679e+01
1.511389949248972471e+02 1.309178184371023690e+01 5.546142044374241209e+01
1.505707296739941228e+02 1.282488701680487964e+01 5.490010822985681216e+01
1.500256592514589045e+02 1.257861729045090904e+01 5.431880420633876128e+01
1.498402673569976571e+02 1.248659119828002240e+01 5.413860588243897354e+01
1.499286282596931414e+02 1.251843271466807117e+01 5.421439164582510983e+01
1.502046363330554470e+02 1.272690243224664641e+01 5.452008395126730989e+01
1.506666739794948171e+02 1.305375513726178482e+01 5.495070422535211208e+01
1.512483977593494444e+02 1.326568089743027201e+01 5.547078817661942907e+01
1.517566203033361205e+02 1.352728708700802862e+01 5.591558363681570398e+01
1.521801164202243513e+02 1.370404984423675998e+01 5.630722068652831069e+01
1.525214236613867911e+02 1.382358679595746942e+01 5.667292352244307096e+01
1.528563204773814164e+02 1.396051072791891556e+01 5.694641452035160256e+01
1.530977286355725084e+02 1.406378248723911462e+01 5.716008365875418917e+01
1.533589662586108489e+02 1.416878299913708616e+01 5.746359674140376939e+01
1.536407909554941398e+02 1.431957644099279037e+01 5.774045602796425669e+01
1.538857648486975904e+02 1.444579585508899733e+01 5.793755283518348165e+01
1.536869436765974797e+02 1.438846181972416005e+01 5.778336916619133490e+01
1.517968262325771889e+02 1.357766369765843173e+01 5.598859491319672799e+01
1.491055167975662812e+02 1.243160458075556107e+01 5.352586986091000654e+01
1.473681219194711502e+02 1.178403755868544600e+01 5.215854065201175871e+01
1.465153350006581547e+02 1.143815687478975640e+01 5.140273353516739263e+01
1.462208561859213489e+02 1.139366124054816964e+01 5.123052374475304305e+01
1.463668597253301868e+02 1.146499349158293413e+01 5.149063372968861785e+01
1.468415222383104322e+02 1.165465900282275236e+01 5.190200664004797204e+01
1.475629137232533310e+02 1.193045792929957649e+01 5.249352375937870363e+01
1.484152179954075450e+02 1.218504087870943131e+01 5.315271232796571610e+01
1.492919690521112273e+02 1.245890044315738621e+01 5.390955055358109149e+01
1.498280432334400984e+02 1.266585933043745271e+01 5.436476825647550726e+01
1.498675442060462331e+02 1.270557530019159564e+01 5.441778772322408031e+01
1.495012197797376245e+02 1.250479429014377075e+01 5.409591212905679214e+01
1.491034809062056752e+02 1.232351074254457224e+01 5.361346291664838759e+01
1.489030245857282750e+02 1.222852880523013397e+01 5.338464452342299182e+01
1.488706726339344470e+02 1.220508534070466489e+01 5.332148947684027007e+01
1.489991926637707991e+02 1.231169467479853097e+01 5.346291079812206704e+01
1.493854372339958729e+02 1.254293946440846597e+01 5.383985491348924057e+01
1.500276951428195389e+02 1.279597063168209736e+01 5.434672312170008723e+01
1.506210316937972493e+02 1.303235341435946992e+01 5.480192619893817607e+01
1.511017931054656174e+02 1.323695903353663006e+01 5.523458382694923330e+01
1.515226463662556853e+02 1.345096163690345570e+01 5.557471809047431321e+01
1.518771488745557576e+02 1.355456686118789555e+01 5.591042663039503680e+01
1.520747093150805256e+02 1.361473681131440827e+01 5.613796527869187969e+01
1.522813625261433685e+02 1.367617480584441303e+01 5.636552294034194688e+01
1.525148421160399437e+02 1.379082240065523024e+01 5.667193921577230498e+01
1.527064996416714280e+02 1.385516651309727543e+01 5.684859228057859326e+01
1.525254866687142510e+02 1.385279861933804213e+01 5.661765901744841045e+01
1.508566451669518642e+02 1.323912655580419084e+01 5.504296140289295636e+01
1.484111476752519252e+02 1.227210302312316337e+01 5.290494785953519852e+01
1.468918344960730167e+02 1.168123528293332214e+01 5.156469220306261292e+01
1.460659719479911587e+02 1.130327907214836181e+01 5.093723692100682854e+01
1.458524841677270274e+02 1.118342766881663763e+01 5.077994822517660367e+01
1.459752811782428807e+02 1.121091805244760309e+01 5.090707004226814547e+01
1.463744782297105473e+02 1.138615242859023269e+01 5.128934667193190222e+01
1.470019481374226586e+02 1.162957600222310006e+01 5.184356105480233623e+01
1.477636391558071125e+02 1.187902095856551554e+01 5.247526947771780925e+01
1.485006318283533062e+02 1.217533968086817886e+01 5.307952846884003861e+01
1.489198031386658556e+02 1.232385298290260778e+01 5.342846737747356656e+01
1.489479136501250593e+02 1.234972576894388219e+01 5.348919456510611070e+01
1.487836061018238070e+02 1.229178184371023619e+01 5.337463033653634881e+01
1.485100609889868792e+02 1.218588185394819590e+01 5.319493806034545713e+01
1.482996870109546137e+02 1.211248153510888770e+01 5.300492738361634082e+01
1.483141415471019400e+02 1.202926593830898128e+01 5.298026121422198997e+01
1.485379331022479619e+02 1.209684817106167642e+01 5.322741871791496493e+01
1.489517894490515175e+02 1.226492621356383417e+01 5.358809764088163519e+01
1.494328258230588062e+02 1.241113451216123309e+01 5.400006581545346762e+01
1.499303160604331993e+02 1.262847761543299185e+01 5.445164758018515982e+01
1.504276073888815688e+02 1.287494040045046972e+01 5.479268570927120408e+01
1.508647331549003354e+02 1.306017287525777704e+01 5.512349904201951034e+01
1.511623550231816751e+02 1.315142965790589891e+01 5.535534640867008704e+01
1.513399894695274384e+02 1.321689994588507133e+01 5.551828060784227858e+01
1.515059643426498894e+02 1.331364281222119850e+01 5.568752431515364520e+01
1.516749491758442616e+02 1.336867038158337273e+01 5.592457402775949760e+01
1.518405233059833677e+02 1.343809252190192005e+01 5.614746171734456937e+01
1.519858087256665726e+02 1.347831453936495372e+01 5.628687786114402059e+01
1.513613765667734299e+02 1.319906834569201237e+01 5.577832331475875094e+01
1.490415968291576974e+02 1.234620976116303304e+01 5.368306348997410993e+01
1.470115922952042524e+02 1.160459830634899703e+01 5.195948254427917590e+01
1.458461688093253201e+02 1.111629590627879338e+01 5.096269580097406759e+01
1.452889781053924878e+02 1.090447398827022418e+01 5.051745718339110169e+01
1.451783613414652052e+02 1.087931639682330776e+01 5.040200810261360687e+01
1.454491114913781757e+02 1.101341026428561065e+01 5.062646219999122366e+01
1.460260044169482114e+02 1.116695479209629482e+01 5.115149108566247094e+01
1.467218214792388835e+02 1.144976379565033042e+01 5.177028212891053727e+01
1.475853538677548045e+02 1.177905459757506534e+01 5.246370935895748033e+01
1.482166308338086651e+02 1.205173387155748621e+01 5.297553858979421904e+01
1.485155514603717961e+02 1.216104163924356030e+01 5.330606379711289833e+01
1.484427888201483086e+02 1.208326971172831321e+01 5.319244438594181901e+01
1.481415500270574626e+02 1.194392377107922698e+01 5.294396911061383548e+01
1.478654322612727299e+02 1.182551884515817697e+01 5.269335410176531553e+01
1.477741754786246133e+02 1.180380120807921251e+01 5.262040425314086178e+01
1.478872493528147061e+02 1.185775232913577071e+01 5.273405291562458785e+01
1.481810846386731555e+02 1.208178959530808960e+01 5.299729132844836244e+01
1.485907580477673946e+02 1.228129817325552509e+01 5.328327702455647596e+01
1.490292191362087237e+02 1.244433182689073192e+01 5.365608939201146654e+01
1.494441811826305582e+02 1.259047723516592754e+01 5.399919997659895188e+01
1.497892472174688976e+02 1.275808725666564314e+01 5.429527298787532885e+01
1.501863630380413213e+02 1.288094423237242836e+01 5.460214412121744232e+01
1.505038933497140761e+02 1.298072192239626688e+01 5.493098006523042898e+01
1.506767861582788441e+02 1.303179763941906977e+01 5.506998376552147789e+01
1.508219340967926030e+02 1.304633407924180588e+01 5.514543752650899933e+01
1.509576148479663118e+02 1.312477878694806499e+01 5.528570195837538392e+01
1.511724481886124636e+02 1.320171558948707791e+01 5.541041346730434469e+01
1.513721322744358133e+02 1.329811767803080080e+01 5.561419273689907072e+01
1.512774530882073236e+02 1.322846152721103330e+01 5.549096280695596306e+01
1.497784593333625764e+02 1.263994998025536454e+01 5.414217893027949913e+01
1.475795504073245183e+02 1.180941453497725746e+01 5.231035057698214530e+01
1.461285931581179796e+02 1.119782223977300895e+01 5.118282655434162365e+01
1.453610153130621825e+02 1.086923346935193635e+01 5.048316586956839558e+01
1.451215450543343195e+02 1.074518304008892322e+01 5.032479926286691807e+01
1.452922147631375083e+02 1.085292586254808178e+01 5.053345765141210677e+01
1.456672575431822452e+02 1.114045310283298917e+01 5.092554663390519920e+01
1.462633598057712732e+02 1.144540827519634973e+01 5.145677387272753833e+01
1.471165971947991125e+02 1.178366899214602270e+01 5.214964094013718920e+01
1.478981600924341535e+02 1.211289690374855610e+01 5.280763166747107817e+01
1.482375762362335934e+02 1.224743685372881075e+01 5.315104939084141478e+01
1.481662805493396604e+02 1.211990113056323359e+01 5.312247378351103322e+01
1.478729103593523746e+02 1.193123162651924041e+01 5.289902885641993180e+01
1.475747107776461462e+02 1.176621765901744787e+01 5.266458543577142848e+01
1.474716861919178541e+02 1.169176136779137920e+01 5.253797259152004528e+01
1.475582452137539633e+02 1.169638746288739739e+01 5.262795547950214115e+01
1.477959092039255324e+02 1.183539116317844808e+01 5.275518113875359916e+01
1.481573823000307186e+02 1.202113114826027740e+01 5.299630702177760355e+01
1.485940034809061956e+02 1.218236145847044938e+01 5.333112193409679236e+01
1.490797390782911407e+02 1.233418600909715757e+01 5.372661576938265426e+01
1.494754815497345533e+02 1.254087724686645267e+01 5.411245667149313476e+01
1.498149664341187304e+02 1.277224196685826207e+01 5.439833706287569726e+01
1.501750296169540491e+02 1.298049229959194406e+01 5.466808096763342206e+01
1.503905123367411250e+02 1.307822386029573103e+01 5.482279701051584908e+01
1.505329018764716977e+02 1.312584792242551934e+01 5.487986778406681054e+01
1.506133385985696123e+02 1.314557061998157117e+01 5.493343571292761851e+01
1.507952803007034959e+02 1.319744343527415786e+01 5.512897635031372090e+01
1.510860164099863994e+02 1.333598203969403073e+01 5.537397803226419768e+01
1.513966346364793196e+02 1.343918359586386480e+01 5.557358752724028506e+01
1.513256958155997154e+02 1.340040220554897488e+01 5.548959969578634599e+01
1.499184107761835776e+02 1.280383484708876374e+01 5.425107864215407005e+01
1.475847191142702570e+02 1.190426337881912389e+01 5.232132566948941843e+01
1.460869860910008242e+02 1.129321223289895215e+01 5.111931464174454476e+01
1.452754025711903694e+02 1.096874497243063828e+01 5.043027657116113005e+01
1.449899536366694406e+02 1.085649598525733772e+01 5.017816243253916042e+01
1.451133678498822519e+02 1.094816813654512799e+01 5.030427946704108422e+01
1.456299387185000000e+02 1.108543723399587577e+01 5.076312433270442881e+01
1.463478551474997573e+02 1.130544513185029132e+01 5.140096529331754027e+01
1.472537258859491374e+02 1.161826598218595130e+01 5.215225600748833301e+01
1.480983677767539746e+02 1.194454828660436085e+01 5.281969344624339868e+01
1.487017755546780222e+02 1.215521770289441683e+01 5.330621151624178822e+01
1.487494932210082936e+02 1.211146212686294277e+01 5.341169028710163502e+01
1.483940415076126556e+02 1.194361078203384352e+01 5.317267781141678995e+01
1.480348544015912751e+02 1.175440159127140838e+01 5.287379374899448692e+01
1.477946265338657099e+02 1.166367279481666763e+01 5.268160677460401331e+01
1.477884910710368160e+02 1.167709037193043997e+01 5.268999166337589202e+01
1.479947172129349440e+02 1.181959837947727898e+01 5.279195150132362357e+01
1.484634402468810777e+02 1.198236438360171441e+01 5.311603264446492290e+01
1.490449592675471422e+02 1.220826934608690628e+01 5.355725651938630705e+01
1.494765609231714336e+02 1.241228116361721767e+01 5.396291079812206704e+01
1.499274991590247623e+02 1.260655668173109234e+01 5.434889649423018199e+01
1.502858657657262427e+02 1.276515144867125962e+01 5.478500138943734754e+01
1.506002106094510964e+02 1.288617290450909003e+01 5.514118292308367586e+01
1.508184166264461226e+02 1.303570853992072820e+01 5.537059073025901768e+01
1.509997864654176283e+02 1.307408333698974801e+01 5.555460781302561202e+01
1.511202082693460795e+02 1.313295745396574610e+01 5.564894768402731984e+01
1.512582788527635103e+02 1.319843066707618462e+01 5.573152121451450114e+01
1.514656940605209741e+02 1.329547628449826746e+01 5.585305895602065362e+01
1.517591256782648088e+02 1.342803445804630513e+01 5.608517543474763301e+01
1.518342108727129016e+02 1.345311453351469133e+01 5.609491904699223142e+01
1.505159478156582225e+02 1.287608997703772040e+01 5.493700291050561191e+01
1.481657101487429316e+02 1.202525997104119959e+01 5.290323227004812168e+01
1.466951179559182776e+02 1.143268541675807626e+01 5.167873137057025446e+01
1.459839805186257706e+02 1.116137510420780110e+01 5.107757301858920584e+01
1.457258347593348162e+02 1.105780790662980984e+01 5.081413277170813103e+01
1.458788220496394672e+02 1.114068857589984418e+01 5.098402585816038624e+01
1.463355812967106999e+02 1.135765872493528228e+01 5.139251020139528947e+01
1.471161584251093188e+02 1.161710031737674242e+01 5.212295789273543534e+01
1.481601129100668288e+02 1.199544410805434858e+01 5.298835212730170952e+01
1.491004109809427689e+02 1.237364749243122297e+01 5.386826817603439821e+01
1.495781829084580181e+02 1.257126643558129686e+01 5.425315841048367105e+01
1.493902768636742451e+02 1.248274611323183159e+01 5.398373188246822707e+01
1.488018121188188445e+02 1.228975911544030453e+01 5.346923200678630650e+01
1.483324982083570944e+02 1.214086847147265757e+01 5.296896143214426900e+01
1.480588945928948590e+02 1.200055577494040016e+01 5.275078759159317343e+01
1.480704225352112644e+02 1.202391002296227995e+01 5.270253755137261464e+01
1.484271145042633862e+02 1.201112281163617190e+01 5.305079929211823497e+01
1.489464232957454044e+02 1.219057815219457908e+01 5.356995451420882404e+01
1.495298480394307603e+02 1.237053807789624571e+01 5.408852032234946705e+01
1.500610284761528703e+02 1.257257543182250359e+01 5.452855366884588761e+01
1.505642870723823705e+02 1.277626694747926805e+01 5.496200693256109560e+01
1.508634519474061335e+02 1.297315753294429008e+01 5.523574949175844040e+01
1.510475948108171451e+02 1.313120383777222067e+01 5.538521346145408586e+01
1.512160911470902249e+02 1.326093340938674636e+01 5.561328594620683674e+01
1.514514384332996997e+02 1.338679156977169349e+01 5.581670688722156370e+01
1.516918418089011880e+02 1.349332923814956153e+01 5.600065669196905560e+01
1.519260541441797159e+02 1.363375016453863431e+01 5.616132830210755600e+01
1.520476767144925532e+02 1.366818188466207395e+01 5.628012227048688487e+01
1.514381700378804396e+02 1.344272154212920256e+01 5.573322217834525105e+01
1.492483538823804849e+02 1.255423339622365475e+01 5.380494493440393455e+01
1.472297851491085794e+02 1.173296184166264489e+01 5.209848039430769262e+01
1.461926330569084200e+02 1.118349787196700440e+01 5.118754917876939459e+01
1.457496482529653576e+02 1.096624837289573406e+01 5.080954324075293016e+01
1.457535723165576940e+02 1.091812996358211585e+01 5.079413657437877561e+01
1.461045471165518563e+02 1.105397013440978249e+01 5.107500475333830536e+01
1.467164421628420712e+02 1.128463282289792780e+01 5.164090357304784362e+01
1.476292557003495460e+02 1.171065625319936210e+01 5.242574700539686461e+01
1.485890702470273368e+02 1.214399543679522608e+01 5.330893920114665008e+01
1.492197855878782491e+02 1.245817354803796739e+01 5.385173533412311997e+01
1.494325479355886159e+02 1.254484664999341881e+01 5.399828733564418570e+01
1.492249864712678971e+02 1.241716467026457771e+01 5.383294136574378541e+01
1.487135214192736896e+02 1.215653547452942007e+01 5.336890292951895987e+01
1.483121466075790238e+02 1.195557456890878001e+01 5.298136106357772945e+01
1.481734207947581581e+02 1.190755122636128327e+01 5.283925087388296760e+01
1.482673833238266639e+02 1.197197139221622564e+01 5.297789917072528709e+01
1.486222397730098237e+02 1.214574612785748720e+01 5.328148538165650194e+01
1.492346554926652402e+02 1.232573676743743896e+01 5.388520468606028402e+01
1.498080792125546736e+02 1.254160706711713757e+01 5.444284878533924399e+01
1.502533821830254510e+02 1.268733856931829784e+01 5.482652947801032894e+01
1.506239187983560726e+02 1.283718134351279083e+01 5.515556433094935329e+01
1.510327848712210823e+02 1.301495619615930188e+01 5.553156947918037645e+01
1.513225937138928998e+02 1.320664736080031609e+01 5.575087534553112789e+01
1.514731355944597908e+02 1.329186813508256115e+01 5.582594737688853570e+01
1.516445555994325218e+02 1.338972547643075472e+01 5.599276176268409699e+01
1.519105611864332275e+02 1.350274377312681828e+01 5.626401649774033586e+01
1.520911719538414388e+02 1.357630058648881821e+01 5.638224884091673772e+01
1.514868851739721833e+02 1.330277156187383980e+01 5.575881122665379763e+01
1.492979992102145559e+02 1.248520176092902112e+01 5.386393898176180528e+01
1.472222982756351257e+02 1.166779430476942636e+01 5.209153905781521843e+01
1.459832258347593381e+02 1.122579965775964261e+01 5.105345677387272474e+01
1.454259620025448783e+02 1.099700320301873546e+01 5.055159200269112318e+01
1.453447471955304025e+02 1.092759861348777939e+01 5.052640662249718417e+01
1.455840448715136120e+02 1.106465710148742865e+01 5.075598554985155175e+01
1.461327000424143989e+02 1.125357816682023682e+01 5.124671288374065625e+01
1.469516812191947110e+02 1.147697190411419754e+01 5.186109429160633510e+01
1.476099644596551173e+02 1.177905020987816798e+01 5.248009740687113123e+01
1.482820806458689731e+02 1.201956474046772883e+01 5.307918622848200130e+01
1.485789843944247082e+02 1.214229447296447439e+01 5.334237930177116738e+01
1.484927690755122569e+02 1.206887806590320800e+01 5.324919046992233973e+01
1.481830839658929619e+02 1.190350576982141995e+01 5.293864098401415674e+01
1.479130387726149252e+02 1.178823365948546886e+01 5.264008746142483375e+01
1.477628391324060715e+02 1.173457358898980551e+01 5.252914600792710331e+01
1.478383718719377669e+02 1.184718821757126328e+01 5.260263115557310698e+01
1.481902110482207888e+02 1.200419902593128896e+01 5.294932063826364299e+01
1.487001696576133725e+02 1.218215816184751255e+01 5.340090679069223256e+01
1.492128544893452045e+02 1.238691296271920272e+01 5.381786962689950826e+01
1.496573603615462105e+02 1.255807116844368387e+01 5.421260146549076353e+01
1.501206455764702525e+02 1.274277565705761006e+01 5.464892574554283300e+01
1.505636523188978231e+02 1.296985505974580555e+01 5.505599871294224101e+01
1.509350503853860346e+02 1.312804177087446789e+01 5.540234741784037453e+01
1.512514106445526636e+02 1.324493294136574306e+01 5.564699369634212189e+01
1.515312667280944368e+02 1.328468840039196763e+01 5.593366826086320742e+01
1.517850832931127911e+02 1.336972635397013498e+01 5.616656428707238291e+01
1.521154242171617454e+02 1.346838518128500972e+01 5.647066532110628145e+01
1.523603688590525564e+02 1.358081991429365409e+01 5.668274026296930401e+01
1.515838693636376888e+02 1.325716584031708400e+01 5.597297763737147847e+01
1.490531320843022911e+02 1.232274728328433788e+01 5.379584192590642289e+01
1.470820587073845047e+02 1.160327907214836252e+01 5.206346803562809811e+01
1.460363637693241401e+02 1.120198323899784931e+01 5.116703962090299029e+01
1.455897006128149940e+02 1.097437146241937533e+01 5.077501937899463513e+01
1.455594898571073372e+02 1.098133912509323906e+01 5.078400099454462691e+01
1.458950565281616889e+02 1.110172436488087477e+01 5.104171529697395471e+01
1.464939610665028624e+02 1.131924151346291652e+01 5.153822269024322367e+01
1.472605692305442346e+02 1.156548345106986631e+01 5.210360961198134078e+01
1.481054056425782051e+02 1.190532666403404782e+01 5.288067804542728823e+01
1.488174440203003996e+02 1.219421555292293746e+01 5.349935062085911142e+01
1.490634402468810720e+02 1.226197621868281296e+01 5.373769324148420878e+01
1.488692948971085173e+02 1.217798546209761135e+01 5.357491553683471608e+01
1.484437628888596237e+02 1.202660114372632449e+01 5.322266099191201505e+01
1.481420780132508526e+02 1.188144881751568604e+01 5.296844660904157820e+01
1.480037163792725323e+02 1.182628961724657479e+01 5.288152340836295195e+01
1.481245725651938585e+02 1.182785748760475641e+01 5.305161832887250739e+01
1.484716218390300355e+02 1.195521916546005059e+01 5.334103959165167197e+01
1.488761528673599344e+02 1.210220116127711165e+01 5.377465081245520651e+01
1.493718280607842246e+02 1.229195881415178526e+01 5.417548739999707408e+01
1.498825091775993315e+02 1.249182425811358321e+01 5.467454258259839150e+01
1.504110145817793693e+02 1.286276600412443472e+01 5.501778772322408173e+01
1.508407704795752693e+02 1.314618343498164421e+01 5.524874438740438620e+01
1.510761046026940448e+02 1.326558875579541663e+01 5.543875360156786769e+01
1.512487692510201498e+02 1.339228642885349529e+01 5.561856727070627215e+01
1.515700247173591890e+02 1.352518245506267114e+01 5.590793880625393086e+01
1.518884033170988630e+02 1.365924999634358628e+01 5.611266581837860201e+01
1.521405233059833506e+02 1.377021631345706609e+01 5.635232182294180348e+01
1.523866072865019703e+02 1.385065742325186910e+01 5.656135170315767624e+01
1.521052593860149500e+02 1.370651572989337907e+01 5.624915536834715368e+01
1.499729659368464070e+02 1.286328960262091847e+01 5.439251751422344938e+01
1.476286048586430297e+02 1.190239129480935532e+01 5.241972269755605396e+01
1.463008102613604819e+02 1.137432027262223322e+01 5.126346803562810095e+01
1.456223480028666302e+02 1.107882789990200756e+01 5.071434484372485940e+01
1.454537741506150041e+02 1.102719055767627587e+01 5.060966317113480528e+01
1.456800842437804420e+02 1.112189753265177750e+01 5.083719304403785344e+01
1.462286384976525824e+02 1.126901700963830777e+01 5.139917072528629660e+01
1.469256636391558004e+02 1.153263422696093521e+01 5.204928553668845836e+01
1.478205519722697545e+02 1.184619221037544001e+01 5.287231363257426153e+01
1.488559007210448613e+02 1.215964196393313124e+01 5.369359249996343664e+01
1.491498486244570358e+02 1.236833691661913370e+01 5.401913328360610222e+01
1.491176604800140524e+02 1.230194959998829951e+01 5.397855732525997041e+01
1.488132961841662620e+02 1.211324206923785773e+01 5.370318546794787551e+01
1.484393371652552958e+02 1.197160136311116929e+01 5.332250449738931763e+01
1.481660743275854486e+02 1.188035774355374130e+01 5.307455135799219192e+01
1.481781419566202942e+02 1.193485147646000577e+01 5.312588009886943752e+01
1.484007517587351686e+02 1.210702909043043363e+01 5.332488555423924481e+01
1.487732906264168662e+02 1.230925365275766836e+01 5.370292513126526757e+01
1.492669650300557294e+02 1.256355140186915875e+01 5.420953446535913400e+01
1.499109326781039329e+02 1.286164714141547094e+01 5.480251415032249440e+01
1.505422374329048125e+02 1.314898278560250411e+01 5.536159595161832669e+01
1.510452430052798718e+02 1.340971728606321278e+01 5.572472467201965429e+01
1.514891389876120797e+02 1.364179135038684798e+01 5.607818583358928066e+01
1.518169555233791073e+02 1.373934886578035197e+01 5.632078744533660597e+01
1.520059701929124003e+02 1.383155485352405201e+01 5.640394161437994569e+01
1.521524022640516023e+02 1.381972123499041949e+01 5.652393488657803289e+01
1.523837538209527054e+02 1.393485293902563882e+01 5.671930732891638627e+01
1.526186564872098756e+02 1.403134131894168668e+01 5.689699150249367676e+01
1.525318064148128769e+02 1.396541178535386862e+01 5.684208678864464304e+01
1.509778933204627549e+02 1.326561946967370176e+01 5.543315782545741399e+01
1.483512205110204434e+02 1.222485337779532877e+01 5.314060374709315226e+01
1.466546911792666776e+02 1.150232109165898819e+01 5.183437321749813265e+01
1.458683647053661616e+02 1.117308147953139397e+01 5.119747707428371086e+01
1.456321003905050304e+02 1.108888157606072511e+01 5.107047665013967475e+01
1.458425825983941024e+02 1.118427741944919696e+01 5.129886504906907874e+01
1.463791935413101726e+02 1.139832975004753379e+01 5.173536483699705713e+01
1.471451742646951288e+02 1.164938352858584558e+01 5.238352712327965577e+01
1.480942857560733046e+02 1.202073040527693593e+01 5.318323899785002595e+01
1.489415149254822950e+02 1.234010793734368860e+01 5.395431968759598362e+01
1.493931127784359205e+02 1.250260044169482043e+01 5.434030684626972629e+01
1.494295657642636854e+02 1.252424056279525466e+01 5.436035862109311978e+01
1.491241922981293726e+02 1.224204583680692693e+01 5.399313471692042299e+01
1.486601640998639766e+02 1.198213768592865591e+01 5.355140479429014277e+01
1.483973571439018428e+02 1.187036549515159578e+01 5.332137100902402693e+01
1.484391572696824824e+02 1.189608471180144278e+01 5.336781478068828477e+01
1.486893305837099319e+02 1.200825910812747743e+01 5.358569025785032380e+01
1.491312521024380828e+02 1.220458514325830457e+01 5.393516885320228482e+01
1.496352127301712756e+02 1.241605750808067476e+01 5.437341348193000101e+01
1.502080704371608704e+02 1.264085530838196370e+01 5.485323153876530000e+01
1.506873063928743761e+02 1.284178111242741949e+01 5.529153320755268908e+01
1.510667968350079775e+02 1.296199230690477222e+01 5.557423690638117364e+01
1.512949088090328189e+02 1.312065727699530449e+01 5.580058063855615558e+01
1.515162622672692407e+02 1.331206909160048646e+01 5.601303145978675957e+01
1.518096748716598654e+02 1.347101194916121791e+01 5.626445672999575720e+01
1.520369692714960479e+02 1.358322144706243684e+01 5.649322393342401227e+01
1.522499232153042783e+02 1.368064148128647339e+01 5.668950316645459253e+01
1.523408260570693074e+02 1.375410469044798312e+01 5.672100097991897627e+01
1.512942813683764030e+02 1.331285595191084248e+01 5.572531262340397262e+01
1.489372354584411937e+02 1.236419639331315068e+01 5.359116756614452726e+01
1.472102350342971704e+02 1.166200254486420107e+01 5.211252248694660238e+01
1.464063972620771494e+02 1.134187471662790792e+01 5.141564506457227424e+01
1.461345604258991102e+02 1.118984833194389594e+01 5.124422944729644769e+01
1.462666988431105892e+02 1.124948005791759975e+01 5.138691881298173314e+01
1.466813654512746155e+02 1.147109824053354465e+01 5.181091951501323933e+01
1.475372120573910877e+02 1.176035130826495845e+01 5.257549763795650222e+01
1.486095403156216719e+02 1.222063387594518247e+01 5.354121656209322566e+01
1.497677913796381688e+02 1.251514194199464747e+01 5.451573281851023012e+01
1.505310297924619363e+02 1.276359674140377010e+01 5.514120778669942524e+01
1.505949994881020189e+02 1.274082898220057558e+01 5.516310093165430573e+01
1.501798005060477124e+02 1.252225001096924295e+01 5.468993023561932176e+01
1.496320535884047729e+02 1.229243122285112477e+01 5.423748263203311382e+01
1.492944056864551783e+02 1.220284176502420515e+01 5.396287130884998362e+01
1.492240094774253123e+02 1.227953285653693705e+01 5.395393649540022807e+01
1.494404253140859566e+02 1.240882365846167268e+01 5.414780103257133703e+01
1.499373919529638783e+02 1.256765243590306191e+01 5.453057785968145055e+01
1.504661211296856891e+02 1.276491305047314029e+01 5.490294706974975725e+01
1.509371871937753156e+02 1.294224474573296391e+01 5.530219531101457875e+01
1.514284746903017265e+02 1.313602737922864350e+01 5.571898117678031070e+01
1.518137276410278957e+02 1.327845787079695228e+01 5.603783657291621267e+01
1.520777807029090525e+02 1.340140113787606246e+01 5.624213359074488494e+01
1.523000950667661186e+02 1.351959106664911658e+01 5.644347476343001091e+01
1.525187442411478287e+02 1.368158044842262377e+01 5.664064762406213305e+01
1.526712708232782063e+02 1.375014991297734568e+01 5.676985359718017321e+01
1.528084858058005295e+02 1.379558743948634714e+01 5.683455311307094604e+01
1.520383981981191539e+02 1.346290202272827052e+01 5.609156392143097491e+01
1.496890658593304408e+02 1.253953022391879912e+01 5.401979436327205519e+01
1.475450806604946479e+02 1.170910447106313867e+01 5.234828221666447234e+01
1.465095139894402791e+02 1.128099834730083550e+01 5.146263144808623480e+01
1.461438023781317099e+02 1.110176677928422073e+01 5.113578020563672766e+01
1.462136998522808824e+02 1.114535708539920655e+01 5.120938674623023701e+01
1.466345194740613920e+02 1.131676100214997227e+01 5.155358840477966709e+01
1.473504629020227412e+02 1.150673218960700872e+01 5.222838547379813434e+01
1.482636742573822914e+02 1.183904026443186552e+01 5.298774662512980171e+01
1.492411551343366511e+02 1.219225278984394478e+01 5.385909350182089383e+01
1.498002120720167341e+02 1.245859184180890189e+01 5.438867681687215594e+01
1.499274070173898963e+02 1.246633758939932513e+01 5.446093048425547778e+01
1.495002647243795195e+02 1.239234639404443250e+01 5.401370277741213499e+01
1.488937021923858879e+02 1.217893612975882256e+01 5.346458104807453537e+01
1.485272081084638671e+02 1.207826919983034308e+01 5.313449607301127742e+01
1.484915551460371717e+02 1.207495210097553162e+01 5.310561625202930713e+01
1.486694660172875331e+02 1.216382782677372631e+01 5.321440919661269930e+01
1.490264270984160362e+02 1.226582861655916723e+01 5.354164655638921744e+01
1.495558319804601126e+02 1.247303760256241567e+01 5.408500138943735180e+01
1.501440539394205302e+02 1.266697088031825480e+01 5.462335717315314554e+01
1.506734822225147354e+02 1.287242332499670994e+01 5.512489432963304381e+01
1.511097845640823039e+02 1.305682652509031350e+01 5.547086569259795397e+01
1.514406315358401685e+02 1.330248051131294496e+01 5.581130124464335296e+01
1.516849121729337639e+02 1.346443186638000356e+01 5.608747605048776563e+01
1.519168121919471162e+02 1.362432685416758105e+01 5.624510698667602782e+01
1.521197066093340879e+02 1.375241981483919140e+01 5.642177321457300110e+01
1.522772805054626701e+02 1.384652567533968082e+01 5.658690857502230642e+01
1.516724525763093538e+02 1.343763766399017179e+01 5.591758150146987560e+01
1.494261141093706442e+02 1.248183054714580287e+01 5.386349728694074912e+01
1.474900706419200560e+02 1.167845348310005349e+01 5.216321793690492115e+01
1.464325493981542365e+02 1.121124712971494652e+01 5.128173109268278296e+01
1.459774984277419492e+02 1.103126087783189213e+01 5.089376069501118849e+01
1.459517309464262098e+02 1.104901788717768696e+01 5.087221856580814006e+01
1.462348997411258722e+02 1.117162330159565897e+01 5.117489213578459584e+01
1.468149781346437805e+02 1.134990712708232863e+01 5.171045880683895746e+01
1.475571950916297510e+02 1.165272256592514566e+01 5.236777675398183618e+01
1.484537156479896964e+02 1.200194667485703448e+01 5.309294165825691181e+01
1.490594708437541271e+02 1.223236218975326572e+01 5.361833179763942070e+01
1.492991414739736342e+02 1.225804630482792845e+01 5.382840009945446269e+01
1.491603483831336803e+02 1.220228013982127457e+01 5.371404501777017515e+01
1.487541748935983605e+02 1.202544571687654518e+01 5.336567504716774124e+01
1.483721878519298514e+02 1.187154432305149676e+01 5.302090298802158941e+01
1.482426001491816976e+02 1.186242230120076613e+01 5.289045968437833523e+01
1.483447194067833834e+02 1.194207947581647744e+01 5.303361122080353596e+01
1.486477191288959148e+02 1.208924282977198672e+01 5.333873312564901426e+01
1.493066590613253766e+02 1.229135477454550696e+01 5.376311701987626890e+01
1.496629853889693322e+02 1.250093896713615038e+01 5.413850057771342250e+01
1.501392011466514589e+02 1.262263905342752324e+01 5.467484972138124988e+01
1.505646644143155868e+02 1.277218638936422224e+01 5.506956254661928085e+01
1.508164392377107959e+02 1.289548067219516447e+01 5.528968744972430471e+01
1.510403331724511133e+02 1.296113231831278512e+01 5.550738741901042772e+01
1.512806619572053251e+02 1.308611001418688602e+01 5.574327585450397038e+01
1.515437789770815868e+02 1.324905591388413484e+01 5.588170184137013052e+01
1.517553127696605486e+02 1.340509411609846069e+01 5.605038538604419784e+01
1.517097889517792169e+02 1.340463925818671065e+01 5.604553990610328640e+01
1.505263320316499289e+02 1.290601699501265109e+01 5.497481023210916362e+01
1.482689877583256646e+02 1.198760621882906996e+01 5.296588273148757509e+01
1.467197621868281203e+02 1.141025989791291906e+01 5.166152428590233114e+01
1.458514808477030442e+02 1.103350299094671882e+01 5.094440934286926392e+01
1.455337647901949651e+02 1.092270486888099157e+01 5.068880844777909545e+01
1.455952349611688703e+02 1.096819651031839982e+01 5.082016439237710870e+01
1.459702031503663591e+02 1.109120266771971330e+01 5.111073084404662836e+01
1.465293317537624489e+02 1.119285536688458826e+01 5.170463340792417739e+01
1.472977125473505566e+02 1.143673233586357263e+01 5.239102130958126935e+01
1.480638249016424481e+02 1.170455004168312030e+01 5.311291737966741522e+01
1.485355052432977914e+02 1.187326722536673884e+01 5.358356076228920983e+01
1.486535357524169001e+02 1.189752095125268738e+01 5.365257923449314603e+01
1.484259810158980883e+02 1.178651221973585983e+01 5.337316045807555298e+01
1.480529346379418882e+02 1.171658403170842355e+01 5.290943354833048318e+01
1.477964445029470824e+02 1.167912772585669856e+01 5.263310809822591096e+01
1.477538619045529629e+02 1.173710090240299486e+01 5.250697497550202542e+01
1.478873648954996725e+02 1.177581062700188674e+01 5.260098138153949776e+01
1.481636698696854069e+02 1.193658169160341131e+01 5.282828601933511692e+01
1.485785953519664133e+02 1.205859622950579890e+01 5.320105304725549900e+01
1.491115864449417074e+02 1.224625363813201062e+01 5.365335878197534214e+01
1.495556725608061583e+02 1.240278765009579764e+01 5.399795679581121277e+01
1.499548520614862639e+02 1.255893846986383444e+01 5.437889517792110894e+01
1.503219838240241018e+02 1.274954294823980305e+01 5.471313530194667152e+01
1.506475041317479224e+02 1.288470156348266116e+01 5.501937899463238324e+01
1.509030728503941532e+02 1.298851154695566912e+01 5.521258537726880178e+01
1.511347607973907827e+02 1.309482983048864391e+01 5.539763795650329570e+01
1.514093896713615095e+02 1.319754727743407408e+01 5.563947903412165630e+01
1.516044081728167612e+02 1.326932561098679386e+01 5.582340251268775688e+01
1.512968057566583298e+02 1.312421569917950137e+01 5.554487151360917352e+01
1.494523291357699577e+02 1.234707413745191751e+01 5.400969827270998991e+01
1.474151112281163591e+02 1.155388969329998616e+01 5.229400201834057071e+01
1.461374314422359646e+02 1.109144106591783263e+01 5.124584411975487086e+01
1.455884442689365699e+02 1.087417694119023537e+01 5.078782414110833088e+01
1.455304155148962195e+02 1.079194857619235748e+01 5.072885056966931216e+01
1.457840258581603905e+02 1.083848595205709842e+01 5.098778465183625030e+01
1.462839000775159661e+02 1.104315153642519753e+01 5.145926754713117646e+01
1.469897020753806203e+02 1.129549383528585871e+01 5.204368098518420993e+01
1.478321735187866466e+02 1.163666944554136862e+01 5.274463311541105526e+01
1.484717666330276700e+02 1.195514603717841773e+01 5.327888347739605024e+01
1.487806795079929145e+02 1.211676246471560425e+01 5.350865107571702595e+01
1.486941687508226835e+02 1.205887411697599987e+01 5.339956123031021207e+01
1.483563965307943135e+02 1.195253096982727037e+01 5.311952232606438429e+01
1.480428926623082191e+02 1.183013177716349951e+01 5.281122811636171832e+01
1.479301639536074049e+02 1.175402571190382162e+01 5.266187530165416320e+01
1.479131455399061110e+02 1.176760563380281610e+01 5.266698989367147732e+01
1.480921986749155508e+02 1.187845055796878846e+01 5.284149298699779251e+01
1.484880332879938010e+02 1.201786962689950755e+01 5.317267634885115513e+01
1.490160589706462986e+02 1.213244848112559104e+01 5.368350079709826872e+01
1.495084799555380073e+02 1.224761089903909372e+01 5.418770859842335597e+01
